1 15 1
1 9 7
1 15 7
1 15 9
1 16 12
1 8 5
1 2 15
1 13 15
1 6 16
1 6 12
1 4 7
1 15 3
1 10 16
1 15 16
1 8 2
1 15 10
1 14 4
2 15 1
2 15 12
2 15 9
3 15 8
3 15 10
3 15 2
3 15 13
3 12 15
3 15 7
3 1 15
3 15 14
3 11 15
3 15 6
3 15 3
3 15 4
3 16 15
3 5 15
4 15 1
4 15 10
4 13 15
4 8 15
5 7 9
5 15 10
5 15 3
5 15 9
5 12 3
5 8 15
5 4 7
5 15 4
5 14 7
6 15 3
6 15 10
6 15 4
6 15 6
6 15 1
6 15 16
7 4 14
7 6 10
7 16 12
7 15 10
7 11 15
7 15 5
7 10 16
7 15 2
7 4 15
7 6 15
7 11 2
7 2 8
7 13 15
7 6 12
7 8 5
7 15 8
7 9 15
7 10 12
7 15 16
7 6 16
7 15 3
7 7 4
7 7 9
7 15 7
7 15 14
7 15 12
8 8 15
8 15 9
8 15 13
8 15 3
8 15 7
8 15 12
8 15 10
8 5 15
8 15 11
8 15 6
8 15 16
8 15 1
9 15 13
9 16 12
9 6 12
9 5 8
9 10 12
9 6 10
9 16 6
9 16 10
9 15 3
10 15 16
10 15 12
10 15 1
11 15 9
11 15 6
12 15 7
12 15 3
12 10 16
12 11 2
12 15 8
12 15 11
12 15 9
12 6 10
12 15 12
12 15 16
12 14 4
12 2 8
13 15 10
14 15 12
14 15 3
14 15 1
14 11 5
14 7 15
14 15 16
14 15 9
14 10 6
14 11 15
14 2 15
15 15 3
16 15 1
17 15 14
17 15 7
18 4 1
18 6 1
18 7 1
18 10 1
18 16 1
18 9 1
18 14 1
19 15 1
19 15 12
20 5 11
20 5 2
20 14 1
20 13 2
20 4 1
21 1 16
21 13 5
21 16 12
22 5 13
22 14 1
23 6 1
23 1 16
23 4 1
24 2 5
24 10 12
24 2 13
24 4 1
25 7 1
25 2 13
26 1 6
26 1 14
26 16 1
27 8 13
28 6 10
29 13 11
29 7 1
29 9 1
30 14 4
30 10 16
30 11 2
31 14 4
31 8 2
31 10 12
32 4 14
32 12 10
32 7 9
33 7 9
33 5 11
33 7 4
33 5 2
33 6 12
33 10 12
33 16 12
33 12 3
33 5 8
34 14 4
34 6 16
34 2 8
35 2 8
36 2 8
36 6 16
36 4 14
37 11 2
37 16 6
38 6 10
