1 3 7
1 5 7
1 4 7
1 1 7
1 9 7
1 8 7
1 2 7
1 8 3
1 6 5
1 6 7
2 7 3
2 7 1
2 7 9
2 8 7
2 7 4
2 7 2
2 7 5
2 7 6
3 2 7
3 6 7
4 3 4
4 9 5
4 3 2
4 8 7
4 3 8
4 1 7
4 5 6
4 5 7
4 9 7
5 1 7
5 3 7
5 8 7
5 5 7
5 4 7
6 3 2
6 2 4
6 5 7
6 1 7
6 3 4
6 8 3
6 8 7
6 3 7
6 9 7
7 3 7
7 1 7
7 5 7
8 2 4
8 9 7
8 3 8
8 3 7
8 1 7
8 5 7
9 9 7
9 3 7
10 4 7
10 8 7
11 4 2
11 8 7
11 5 7
11 2 7
11 1 7
11 9 7
11 6 7
12 8 7
13 8 7
13 1 7
13 9 7
13 3 7
13 6 7
13 1 5
13 5 7
14 5 7
14 3 7
14 4 7
14 1 7
15 2 7
15 4 7
16 5 1
16 9 1
17 5 1
17 3 1
17 6 1
17 9 1
17 8 1
18 9 7
18 4 7
19 6 7
19 3 7
20 5 6
20 3 2
20 3 4
21 1 5
21 1 8
22 8 1
23 5 1
24 5 1
25 1 4
26 6 1
26 4 1
26 6 5
26 3 2
27 2 1
28 9 5
29 3 4
29 5 6
30 9 5
30 5 6
30 3 8
30 4 3
30 3 2
31 4 2
32 2 4
