1 72 56
1 33 34
1 91 113
1 107 57
1 104 107
1 81 80
1 33 1
1 54 108
1 88 5
1 113 11
1 55 108
1 78 117
1 33 46
1 71 20
1 88 89
1 111 55
1 33 97
1 20 42
1 7 94
1 108 18
1 13 113
1 107 59
1 33 39
1 29 33
1 23 100
1 72 63
1 4 108
1 88 28
1 108 92
1 88 70
1 19 108
1 33 47
1 33 40
1 24 17
1 111 108
1 116 33
1 114 17
1 73 17
1 106 107
1 102 33
1 31 20
1 33 12
1 10 69
1 78 94
1 30 33
1 88 65
1 33 45
1 82 81
1 20 43
1 50 17
1 52 108
1 78 67
1 22 33
1 22 12
1 96 107
1 81 27
1 20 14
1 78 98
1 42 71
1 107 79
1 62 107
1 85 107
1 88 66
1 35 53
1 114 105
1 66 70
1 77 110
1 71 14
1 77 48
1 21 81
1 13 11
1 102 51
1 86 41
1 22 115
1 22 29
1 22 97
1 77 7
1 71 16
1 22 116
1 18 53
1 22 46
1 68 77
1 52 54
1 77 94
1 85 9
1 52 23
1 115 33
1 86 111
1 12 115
1 82 21
1 77 98
1 47 12
1 28 89
1 22 45
1 113 103
1 77 67
1 2 33
1 12 46
1 88 112
1 12 45
1 12 29
1 105 17
1 33 93
1 12 116
1 22 2
1 111 41
1 61 56
1 33 109
1 12 97
1 33 51
1 20 95
1 78 7
1 88 8
1 107 118
2 72 56
3 115 33
3 54 108
3 86 108
3 9 107
3 97 33
3 20 71
3 46 33
3 4 108
3 72 56
3 51 33
3 102 33
3 37 107
3 38 33
3 78 7
4 43 20
4 33 40
4 113 25
4 65 88
4 33 97
4 107 106
4 48 78
4 33 116
4 113 32
4 78 77
4 108 35
4 33 102
4 73 17
4 3 113
4 108 111
4 47 33
4 17 24
4 17 114
4 17 49
4 103 113
4 14 20
4 87 10
4 53 108
4 66 88
4 8 88
4 78 76
4 37 107
4 104 107
4 107 57
4 33 115
4 2 33
4 51 33
4 33 34
4 18 108
4 107 96
4 78 117
4 93 33
4 59 107
4 36 78
4 33 38
4 33 75
4 33 46
4 16 20
4 88 89
4 81 82
4 6 17
4 33 30
4 50 17
4 72 64
4 90 10
4 67 78
4 19 108
4 81 27
4 70 88
4 26 17
4 44 33
4 23 108
4 101 113
4 71 20
4 45 33
4 107 62
4 91 113
4 11 113
4 28 88
4 33 109
4 94 78
4 21 81
4 113 60
4 41 108
4 105 17
4 9 107
4 33 22
4 108 86
4 107 79
4 52 108
4 92 108
4 72 63
4 98 78
4 15 107
4 85 107
4 13 113
4 108 58
4 100 108
4 61 72
4 72 56
4 83 17
4 118 107
4 12 33
4 1 33
4 7 78
4 112 88
4 55 108
4 5 88
4 95 20
4 69 10
4 74 81
4 99 113
4 31 20
4 108 4
4 33 29
4 72 84
4 39 33
4 80 81
5 55 108
5 33 38
5 17 49
5 20 95
5 20 14
5 4 108
5 96 107
5 83 17
5 108 53
5 72 84
5 88 70
5 17 105
5 87 10
5 78 36
5 37 107
5 108 92
5 81 80
5 79 107
5 107 57
5 81 27
5 15 107
5 88 8
5 78 77
5 31 20
5 46 33
5 78 7
5 60 113
5 2 33
5 81 82
5 72 56
5 44 33
5 78 67
6 13 11
6 88 66
6 17 105
6 97 33
6 22 116
6 77 7
6 22 47
6 16 71
6 107 85
6 78 7
6 115 33
6 77 98
6 113 13
6 95 20
6 52 23
6 77 94
6 78 117
6 88 5
6 113 11
6 55 108
6 22 46
6 22 45
6 88 89
6 44 33
6 96 85
6 88 112
6 65 28
6 46 33
6 33 93
6 52 100
6 61 56
6 72 63
6 107 37
6 66 112
6 89 28
6 107 79
6 42 71
6 107 118
6 107 59
6 8 28
6 54 52
6 70 66
6 78 110
6 19 86
6 107 62
6 51 102
6 22 29
6 81 21
6 20 42
6 75 33
6 109 33
6 12 33
6 6 17
6 17 83
6 51 33
6 78 98
6 19 108
6 107 15
6 96 107
6 22 33
6 20 14
6 107 9
6 16 20
6 20 43
6 17 26
6 17 50
6 78 94
6 78 48
6 47 33
6 17 24
6 73 17
6 31 20
6 113 3
6 116 33
6 107 106
6 17 114
6 33 40
6 2 33
6 23 108
6 91 113
6 78 67
6 34 33
6 107 57
6 81 80
6 108 53
6 1 33
6 54 108
7 81 80
7 78 110
7 78 94
7 37 107
7 1 33
7 88 65
7 41 108
7 78 36
7 23 108
7 78 67
7 20 71
7 81 82
7 78 117
7 78 7
7 81 27
7 55 108
7 79 107
7 62 107
7 78 48
7 22 33
7 12 33
7 72 56
7 24 17
7 118 107
7 111 108
7 38 33
7 17 114
7 113 103
7 49 17
7 113 11
7 115 33
7 116 33
7 88 5
7 88 66
7 20 16
7 87 10
7 47 33
7 26 17
7 73 17
7 20 95
7 72 61
7 78 76
7 17 50
7 88 28
7 29 33
7 101 113
7 17 105
7 51 33
7 78 98
7 72 63
7 19 108
7 4 108
7 96 107
7 104 107
7 91 113
7 88 89
7 2 33
7 20 14
7 20 42
7 85 107
8 115 45
8 65 8
8 28 89
8 22 45
8 73 17
8 101 60
8 67 94
8 22 47
8 7 48
8 35 53
8 12 2
8 1 109
8 31 20
8 50 114
8 3 99
8 77 48
8 96 85
8 83 17
8 93 39
8 100 23
8 22 12
8 88 5
8 2 116
8 22 46
8 12 33
8 68 77
8 77 94
8 116 29
8 71 42
8 116 45
8 116 46
8 77 98
8 55 41
8 86 111
8 17 49
8 109 75
8 7 67
8 82 21
8 115 97
8 86 55
8 114 105
8 107 106
8 69 10
8 48 94
8 46 115
8 47 33
8 77 110
8 97 33
8 22 2
8 94 98
8 12 46
8 19 108
8 90 10
8 8 28
8 12 29
8 54 52
8 86 108
8 52 108
8 46 33
8 12 45
8 107 79
8 23 52
8 12 97
8 96 107
8 111 41
8 65 28
8 88 89
8 78 68
8 53 18
8 107 15
8 61 56
8 18 58
8 110 94
8 12 116
8 91 113
8 57 79
8 115 2
8 13 11
8 71 14
8 111 55
8 107 62
8 7 94
8 87 10
8 22 115
8 77 7
8 100 108
8 102 51
8 86 41
8 113 32
8 51 33
8 22 29
8 45 33
8 78 94
8 22 97
8 71 16
8 44 33
8 115 12
8 77 67
8 78 117
8 62 118
8 22 116
8 107 59
8 29 33
8 108 92
8 109 33
8 6 17
8 17 105
8 17 26
8 33 75
8 108 23
8 107 85
8 88 112
8 113 13
8 18 108
8 78 48
8 33 93
8 78 98
8 78 110
8 113 11
8 78 7
8 107 118
8 108 58
8 107 57
8 108 54
8 104 107
8 107 37
8 33 1
8 53 108
8 17 50
8 33 30
8 60 113
8 33 39
8 88 66
8 113 99
8 78 36
8 35 108
8 72 63
8 17 24
8 102 33
8 17 114
8 72 56
8 55 108
8 88 28
8 78 67
8 113 3
8 20 43
8 111 108
8 113 103
8 108 41
8 81 21
8 22 33
8 27 81
8 81 74
8 38 33
8 115 33
8 2 33
8 107 9
8 25 103
9 42 20
9 110 78
9 19 108
9 17 50
9 33 40
9 108 53
9 55 108
9 107 57
9 78 98
9 54 108
9 20 16
9 37 107
9 73 17
9 92 108
9 26 17
9 78 48
9 30 33
9 41 108
9 102 33
9 9 107
9 113 3
9 88 28
9 111 108
9 69 10
9 106 107
9 74 81
9 91 113
9 81 21
9 12 33
9 33 39
9 52 108
9 4 108
9 17 105
9 78 67
9 78 7
9 113 11
9 33 115
9 96 107
9 17 49
9 33 1
9 2 33
9 88 5
9 107 104
9 22 33
9 46 33
9 116 33
9 47 33
9 33 29
9 85 107
9 97 33
9 107 59
9 113 101
9 33 109
9 88 66
9 33 93
9 72 61
9 75 33
9 58 108
9 108 35
9 33 45
9 78 94
9 44 33
9 72 64
9 81 27
9 72 56
9 17 114
9 86 108
9 107 79
9 113 103
9 17 24
10 88 5
10 89 28
10 12 47
10 78 110
10 48 94
10 55 111
10 12 97
10 12 45
10 38 51
10 61 56
10 86 55
10 82 21
10 88 112
10 12 115
10 20 95
10 78 117
10 7 94
10 67 7
10 97 2
10 78 48
10 97 29
10 22 12
10 97 46
10 88 28
10 55 41
10 46 116
10 31 20
10 115 29
10 86 111
10 72 56
10 22 46
10 7 48
10 96 85
10 97 116
10 115 45
10 81 74
10 115 2
10 77 94
10 88 66
10 81 21
10 116 45
10 12 46
10 97 45
10 77 7
10 81 82
10 22 29
10 41 111
10 33 34
10 22 97
10 33 109
10 86 41
10 77 67
10 22 45
10 22 116
10 22 115
10 77 48
10 22 2
10 67 94
10 19 108
10 22 47
10 12 2
10 77 98
10 53 35
10 92 108
10 65 8
10 33 1
10 77 110
10 12 116
11 96 107
11 103 113
11 22 33
11 78 7
12 105 17
12 115 45
12 115 46
12 20 16
13 38 33
13 78 68
13 45 33
13 22 33
13 11 113
13 64 72
13 111 108
13 103 113
13 72 63
13 73 17
13 88 28
13 20 43
13 86 108
13 88 112
13 91 113
13 104 107
13 78 117
13 96 107
13 101 113
13 60 113
13 4 108
14 62 107
14 54 108
14 41 108
14 81 21
14 36 78
14 45 33
14 88 89
14 3 113
14 1 33
14 118 107
14 88 65
15 88 5
15 22 33
15 17 24
15 116 33
15 60 113
15 42 20
15 26 17
15 31 20
15 73 17
15 36 78
15 102 33
15 17 114
15 106 107
15 78 48
15 113 11
15 86 108
15 116 2
15 113 32
15 87 10
15 88 89
15 78 77
15 109 33
15 10 69
15 33 40
15 37 107
15 88 70
15 111 108
15 58 108
15 81 82
15 81 74
15 53 108
15 78 94
15 116 29
15 78 117
15 20 71
15 47 33
15 81 27
15 113 13
15 78 98
15 116 45
15 104 107
15 19 108
15 72 64
15 12 33
15 51 33
15 62 107
15 1 33
15 94 48
15 107 79
15 23 100
15 52 108
15 12 47
15 78 110
15 20 95
15 12 97
15 97 2
15 53 18
15 88 112
15 78 67
15 12 115
15 17 6
15 12 45
15 76 78
15 12 29
15 107 59
15 46 33
15 96 107
15 85 107
15 12 46
15 10 90
15 72 63
15 8 65
15 12 2
15 88 8
15 7 94
15 18 58
15 12 116
15 115 97
15 94 110
15 78 68
15 72 84
15 97 33
15 17 50
15 88 66
15 20 43
15 115 45
15 9 107
15 49 17
15 55 41
15 115 33
15 57 107
15 54 108
15 44 33
15 81 21
15 20 16
15 111 55
15 115 46
15 38 33
16 72 63
16 85 107
16 7 94
16 109 33
16 12 115
16 88 89
16 55 108
16 7 48
17 19 108
17 72 63
17 108 18
17 78 98
17 20 42
17 108 52
17 107 62
17 88 70
17 77 110
17 54 108
17 101 60
17 106 107
17 73 17
17 114 50
17 33 12
17 115 33
17 115 116
17 3 113
17 33 102
17 81 27
17 41 55
17 88 66
17 10 69
17 114 17
17 38 51
17 78 110
17 86 108
17 33 30
17 20 71
17 81 74
17 33 109
17 115 46
17 51 33
17 10 90
17 88 5
17 99 113
17 78 117
17 88 112
17 20 95
17 88 89
17 35 58
17 115 2
17 111 108
17 115 45
17 7 48
17 115 29
17 88 28
17 37 104
17 20 43
17 66 5
17 87 10
17 22 2
17 4 108
17 33 40
17 108 58
17 77 67
17 22 97
17 107 57
17 101 113
17 24 17
17 91 113
17 37 107
17 104 107
18 87 10
18 77 110
18 77 68
18 20 43
18 81 80
18 72 61
18 91 113
18 81 21
18 81 74
18 88 28
18 78 68
18 88 66
18 88 65
18 73 17
18 78 94
18 78 110
18 19 108
18 78 48
18 78 36
18 22 33
18 88 5
18 81 82
18 78 7
18 20 14
18 20 16
18 20 42
19 64 72
19 88 65
19 78 48
19 4 108
19 97 33
19 20 14
19 81 21
19 49 17
19 88 8
20 15 118
20 107 79
20 97 44
20 77 117
20 5 66
20 57 59
20 33 2
20 47 44
20 91 101
20 52 108
20 107 106
20 78 110
20 50 17
20 100 108
20 33 116
20 78 94
20 33 51
20 104 37
20 15 62
20 5 112
20 33 40
20 87 10
20 33 44
21 96 104
21 10 90
21 78 110
21 42 43
21 91 60
21 4 55
21 84 63
21 22 44
21 84 56
21 27 21
21 4 41
21 5 66
21 5 112
21 5 70
21 73 83
21 104 9
21 4 23
21 4 54
21 4 52
21 4 111
21 5 28
21 68 117
21 4 100
21 5 89
21 73 6
21 106 107
22 20 42
22 33 93
22 33 39
23 88 112
23 4 108
23 107 59
23 20 71
23 88 65
23 86 108
23 72 84
23 81 27
23 78 67
23 107 118
23 78 98
23 20 14
23 75 33
23 91 113
23 81 80
23 78 68
24 88 70
24 31 20
24 78 98
24 81 80
24 88 28
24 107 59
25 20 16
26 78 67
27 78 94
30 17 26
31 113 13
32 29 33
33 106 15
33 71 16
33 74 27
33 22 29
33 44 51
33 70 66
33 117 77
33 18 92
33 18 35
33 43 95
33 8 28
33 109 30
33 44 38
33 22 47
33 65 28
33 36 76
33 30 75
33 4 100
33 58 35
33 4 23
33 43 14
33 73 6
33 25 3
33 44 102
33 27 21
34 51 102
34 75 30
34 89 5
34 44 38
34 35 92
34 69 90
34 111 4
34 46 44
34 117 94
34 24 114
34 42 71
34 83 73
34 85 104
34 63 84
34 48 77
34 104 37
34 98 117
34 105 114
34 77 68
34 46 22
34 86 111
34 66 5
34 21 82
35 5 89
35 44 51
35 117 98
35 59 79
35 4 100
35 27 82
35 73 83
35 92 35
36 44 45
36 84 63
36 67 117
36 115 44
36 79 59
36 4 41
36 111 4
36 104 37
36 47 44
36 34 40
36 44 46
36 44 97
36 5 66
36 4 23
36 43 16
36 59 57
36 91 101
36 43 71
36 116 44
37 9 104
37 92 18
37 86 55
37 43 95
37 5 66
37 35 18
37 4 23
37 40 93
38 65 5
38 44 47
39 7 48
39 84 61
39 96 85
39 66 70
39 21 27
39 8 28
39 43 71
39 30 109
39 92 18
39 5 65
39 104 96
39 25 99
39 22 115
39 90 69
39 4 52
39 5 70
39 117 68
40 59 79
40 71 43
40 27 80
40 44 51
40 48 117
41 11 32
41 16 43
41 103 25
41 14 43
41 100 4
41 25 99
41 4 111
41 39 40
41 44 22
41 30 109
41 74 27
41 51 44
41 41 4
41 117 77
42 44 46
42 97 44
43 26 49
43 43 42
43 44 102
43 5 8
43 92 53
43 118 15
43 82 27
43 25 99
43 84 63
43 106 15
43 117 98
43 6 73
44 48 7
44 97 115
44 116 46
44 55 41
44 67 7
45 46 116
45 91 101
45 42 43
45 96 104
45 29 116
46 29 116
46 116 45
46 91 60
46 4 54
46 104 96
46 117 7
46 4 52
46 94 117
46 45 44
46 25 3
46 44 115
46 27 80
46 58 92
48 46 2
48 12 2
48 48 94
48 22 2
48 67 94
48 115 116
48 12 45
48 73 6
48 29 45
48 97 45
48 12 97
48 115 45
48 23 100
48 18 58
48 7 94
48 34 93
48 111 55
48 97 46
49 62 118
50 18 53
50 61 56
50 22 116
50 77 7
50 77 110
50 77 67
50 118 62
50 3 99
50 12 45
50 86 55
50 23 100
50 114 105
50 22 115
50 22 12
50 66 112
50 77 94
50 12 29
50 12 116
50 96 85
50 38 51
50 94 7
50 82 21
50 22 2
51 77 110
51 42 71
51 97 22
51 22 29
51 22 115
51 54 52
51 12 46
51 77 7
51 12 116
51 65 28
51 70 66
51 22 46
51 77 94
51 85 9
51 12 29
51 12 115
51 82 21
51 96 85
51 77 67
51 61 56
51 77 98
51 100 23
51 22 45
51 22 2
51 22 116
51 77 48
51 55 86
52 22 97
52 19 86
52 51 102
52 14 71
52 77 67
52 22 29
52 70 66
52 22 2
52 114 105
52 86 41
52 79 57
52 58 35
52 77 94
52 85 9
52 28 65
52 86 111
52 82 21
52 86 55
52 18 35
52 93 39
52 22 45
52 22 47
52 22 116
52 77 48
52 1 109
52 77 110
52 77 7
52 22 115
52 77 98
52 53 35
52 99 3
52 89 28
52 42 71
52 54 52
52 23 52
52 77 68
52 93 34
52 96 85
52 118 62
52 66 112
52 61 56
52 8 28
52 22 46
52 22 12
52 60 101
53 12 2
53 97 29
53 12 115
53 97 2
53 94 7
53 23 100
53 12 47
53 12 46
53 97 116
53 53 18
53 111 41
53 12 116
53 12 45
53 12 29
54 8 65
54 12 116
54 2 12
54 48 94
54 67 94
54 94 110
54 47 12
55 46 12
55 53 18
55 97 12
55 115 12
56 100 23
56 12 46
56 65 8
56 67 94
56 12 29
56 111 41
56 12 2
56 53 18
56 48 94
56 97 12
57 2 12
58 48 94
58 41 111
58 45 12
58 18 58
60 97 2
60 7 48
60 2 115
60 97 46
60 97 45
60 97 29
60 115 97
60 110 98
60 115 29
60 116 115
60 55 41
60 115 46
60 97 116
61 115 97
61 115 2
61 110 98
61 115 116
62 97 115
62 110 98
63 115 29
63 115 116
64 110 98
65 97 2
65 45 29
65 97 46
65 97 45
65 97 116
66 97 46
66 97 2
66 97 29
67 97 29
67 97 46
68 97 116
68 97 29
69 116 46
69 116 45
69 116 2
70 46 116
70 2 116
70 2 46
70 116 45
70 116 29
70 29 45
71 116 2
71 45 116
71 116 29
72 116 46
73 46 2
73 29 45
74 46 2
74 45 29
75 29 45
75 46 2
76 45 29
76 2 46
77 46 2
77 45 29
