1 10 8
1 10 7
1 1 7
1 9 7
1 7 5
1 4 7
1 1 8
1 9 1
1 11 7
1 4 8
1 9 8
1 3 7
1 12 8
2 1 8
3 8 2
3 7 8
3 8 4
3 8 9
3 12 8
3 8 1
3 6 8
3 8 10
3 8 3
4 7 8
4 1 8
4 4 8
4 2 8
5 12 8
5 4 8
5 1 7
5 10 7
5 9 7
5 9 8
5 1 8
5 11 8
5 3 8
5 10 8
6 11 8
6 3 8
6 4 8
6 10 8
6 1 8
6 2 8
6 12 8
6 6 8
6 9 8
7 9 4
7 12 8
7 4 1
7 3 8
7 3 1
7 4 8
7 9 1
7 9 8
7 2 8
7 9 11
7 1 8
7 10 9
7 4 7
7 11 8
7 5 8
7 9 7
7 10 8
7 9 3
7 10 7
7 7 5
7 1 7
7 11 7
7 3 7
8 10 8
8 9 8
8 1 8
8 4 8
8 3 8
8 8 11
9 11 7
9 3 7
9 12 8
9 9 4
9 1 4
9 3 8
9 3 1
9 10 7
9 4 7
9 1 7
9 9 1
9 9 3
9 9 7
9 11 8
10 1 8
11 5 8
11 12 8
12 8 2
13 11 9
13 9 1
13 3 9
13 10 8
13 3 8
13 9 8
13 7 8
13 12 8
13 8 2
13 4 8
13 5 8
13 8 6
13 11 8
14 9 1
14 3 1
15 11 7
15 4 7
15 3 1
15 12 8
15 10 8
15 11 8
16 2 8
16 11 7
16 5 7
16 5 8
16 9 8
16 1 8
16 3 8
16 11 8
17 3 8
18 12 7
18 9 8
18 11 8
19 12 5
19 11 8
20 5 8
20 4 8
20 10 8
21 10 8
22 4 8
23 9 8
24 7 12
24 6 2
25 5 7
25 7 3
25 9 12
25 12 10
26 10 12
27 12 4
28 5 12
28 3 1
29 12 3
30 7 12
31 10 12
32 1 3
32 1 4
33 12 9
33 1 12
34 9 3
34 9 1
34 9 4
35 1 7
35 1 9
35 9 7
35 11 7
35 4 7
36 9 7
36 10 7
36 4 7
36 11 7
36 1 7
36 3 7
37 11 7
37 3 7
37 10 7
37 4 7
37 5 7
37 9 7
37 1 7
38 1 9
39 9 4
39 9 3
39 11 9
40 9 4
40 9 3
41 9 3
42 3 1
42 10 11
43 10 11
44 10 11
45 10 11
