1 2 10
1 9 10
1 2 7
1 2 6
1 2 9
1 2 3
2 2 6
2 2 9
2 2 1
2 2 8
2 2 7
2 10 2
2 3 2
2 2 4
2 5 2
3 9 2
3 2 8
3 5 2
4 4 2
4 9 2
4 3 2
4 8 2
4 2 7
4 2 1
4 10 2
4 6 2
5 2 3
5 2 4
5 9 2
5 2 7
5 6 2
5 2 5
5 10 2
6 6 2
6 10 2
6 10 6
6 2 8
6 9 2
6 5 2
6 9 10
6 2 7
6 4 2
6 2 1
6 3 2
7 6 2
7 2 7
7 2 4
7 3 2
7 10 2
7 9 2
7 5 2
8 2 9
9 2 7
10 3 2
10 2 5
10 6 2
10 10 2
10 2 7
10 2 4
10 1 2
11 6 10
11 2 10
11 2 3
11 2 7
12 2 7
13 2 5
14 2 6
15 1 7
15 8 7
16 4 2
17 1 7
18 7 8
18 10 9
18 10 3
19 8 7
20 5 4
20 7 1
21 1 7
22 9 10
23 9 10
