1 2 7
1 5 3
1 3 7
1 3 4
1 1 3
1 6 3
1 7 5
1 8 3
1 1 7
2 7 3
3 3 1
3 3 6
3 3 4
3 3 7
3 3 2
3 3 8
4 3 4
4 8 3
4 1 3
5 7 5
5 5 3
5 3 4
5 3 2
5 7 2
5 1 3
5 6 3
5 3 8
6 8 3
6 2 3
6 1 3
6 5 3
6 7 3
7 3 4
7 1 7
7 5 7
7 2 7
7 6 3
8 3 5
8 2 3
9 8 3
9 3 4
10 2 3
11 6 3
12 8 3
12 7 3
12 6 3
12 3 4
12 3 5
12 2 3
13 6 3
13 8 3
13 5 3
13 7 3
14 2 3
14 6 3
14 5 3
14 1 3
15 1 3
16 6 5
17 5 3
18 1 3
18 7 3
19 3 4
20 2 3
21 1 6
21 2 7
21 8 6
22 7 5
23 2 6
23 7 6
24 8 6
25 7 6
26 6 7
27 6 2
27 6 1
28 5 6
29 6 5
30 7 5
31 7 5
31 7 1
