1 12 10
1 7 12
1 13 12
1 12 8
1 12 6
1 1 8
1 5 12
1 12 9
1 12 11
1 4 12
2 12 3
2 12 1
3 6 12
3 12 2
3 12 13
3 12 8
3 9 12
3 7 12
3 12 10
3 12 3
3 4 12
3 11 12
3 12 5
3 12 1
4 12 3
4 12 9
4 12 2
4 12 7
4 4 12
5 13 12
5 8 9
5 2 12
5 7 12
5 11 12
5 6 12
5 8 12
5 1 12
5 4 12
5 12 9
5 3 12
5 5 12
6 12 6
6 12 3
6 12 7
6 12 10
6 12 13
6 12 8
6 12 9
7 11 12
7 8 9
7 12 10
7 6 12
7 5 12
7 2 12
7 13 6
7 3 12
7 12 9
7 1 12
7 8 12
7 4 12
7 13 12
7 7 12
7 7 4
8 12 11
8 10 12
8 4 12
8 12 3
8 5 12
8 12 9
8 7 12
8 12 1
8 12 8
9 8 9
10 12 9
11 12 9
11 12 10
12 12 13
12 12 6
13 12 11
13 12 8
13 12 4
13 12 9
13 12 3
13 5 12
13 7 12
13 12 1
13 12 6
13 12 10
14 12 8
15 10 3
15 4 12
15 12 11
15 6 12
15 12 3
15 12 10
16 5 4
16 6 2
16 3 10
16 11 12
16 7 12
16 13 2
17 1 10
17 12 11
17 10 9
18 5 12
18 13 12
19 5 12
20 2 11
21 3 10
21 10 8
22 7 5
23 4 5
23 3 10
23 5 7
24 10 1
25 9 10
25 8 9
26 7 5
27 2 11
27 2 13
28 10 9
29 9 10
30 13 6
31 8 9
31 6 13
32 1 8
32 8 9
33 8 9
33 6 13
33 4 7
33 1 8
