1 10 11
1 2 3
1 11 3
1 2 11
1 11 7
2 11 2
2 5 11
2 11 3
2 11 7
2 11 9
2 11 8
2 11 10
2 11 1
2 4 11
2 6 11
3 11 6
4 2 3
4 1 11
4 3 11
4 2 11
4 11 7
5 10 11
5 11 9
5 11 7
5 2 11
6 10 4
6 6 9
6 8 11
6 2 11
6 11 6
6 1 11
6 5 11
6 11 7
6 2 3
6 3 11
6 10 11
6 8 1
7 10 11
7 2 11
7 9 11
7 11 7
7 1 11
8 11 10
9 11 9
9 11 10
9 11 7
9 11 2
9 11 6
10 11 1
11 5 11
11 11 6
11 3 11
11 2 11
12 11 9
12 11 8
12 11 7
12 11 1
12 6 9
13 11 7
14 9 7
15 6 7
16 11 7
17 3 11
18 1 4
19 9 7
20 8 4
21 8 4
21 4 10
21 5 2
22 8 4
23 9 7
24 1 4
24 6 7
25 8 1
26 9 6
26 1 8
