1 1 7
1 7 5
1 10 7
1 19 7
1 14 7
1 7 6
1 8 7
1 7 4
1 13 7
1 3 7
1 7 23
1 21 7
1 11 7
1 15 7
1 7 2
1 7 20
1 18 7
1 16 7
1 7 22
1 22 3
1 3 15
1 22 4
1 3 4
1 14 4
1 2 4
1 23 4
1 19 3
1 13 4
1 5 4
1 13 3
1 5 3
1 14 3
1 16 20
1 19 4
1 23 3
2 7 20
2 7 19
2 7 9
2 7 22
2 7 14
2 7 16
3 7 2
3 7 18
3 21 7
3 11 7
3 7 10
3 5 7
3 7 16
3 7 12
3 9 7
3 22 7
3 7 1
3 17 7
3 7 15
3 7 13
3 14 7
3 6 7
3 8 7
3 20 7
3 7 3
3 23 7
3 19 7
3 4 7
4 7 12
4 7 2
4 9 7
4 7 14
5 7 22
5 7 21
5 14 4
5 18 7
5 20 16
5 23 4
5 7 2
5 5 4
5 7 23
5 11 7
5 15 4
5 13 4
5 7 4
5 7 1
5 7 15
5 7 16
5 7 19
5 7 12
5 7 14
5 7 17
5 7 8
5 7 3
6 7 16
6 7 22
6 7 9
6 7 2
6 7 23
6 7 4
6 7 1
6 7 15
6 7 5
6 7 3
7 7 19
7 7 20
7 7 9
7 21 1
7 18 7
7 13 4
7 7 15
7 7 5
7 23 3
7 7 16
7 14 3
7 5 3
7 23 4
7 15 4
7 7 2
7 7 22
7 16 20
7 7 14
7 10 7
7 7 3
7 7 13
7 7 21
7 19 4
7 17 7
7 10 18
7 1 7
7 3 4
7 7 4
7 5 4
7 6 7
7 14 4
7 17 21
7 23 2
7 13 3
7 7 12
7 22 14
7 2 22
7 13 22
7 2 4
7 13 23
7 3 22
7 5 23
7 19 3
7 22 4
7 19 22
7 2 3
7 14 23
8 10 7
8 7 19
8 7 17
8 7 20
8 7 3
8 18 7
8 1 7
8 5 7
8 7 12
8 22 7
8 7 2
8 13 7
8 7 23
8 7 4
8 7 14
8 11 7
8 7 15
8 21 7
8 7 6
9 2 3
9 8 7
9 23 19
9 21 7
9 5 22
9 13 22
9 22 4
9 1 7
9 13 19
9 13 23
9 23 14
9 13 4
9 15 3
9 23 4
9 14 3
9 16 9
9 5 19
9 23 3
9 13 3
9 2 22
9 19 4
9 2 4
9 14 19
9 15 4
9 5 4
9 3 4
9 22 3
9 2 19
9 14 4
9 19 3
10 7 4
11 13 22
11 14 22
12 7 13
12 7 4
12 7 9
13 7 13
13 7 1
14 13 23
14 7 21
14 7 9
14 23 3
14 5 23
14 7 19
14 14 22
14 2 19
14 7 3
14 7 16
14 7 22
14 15 3
14 2 23
14 22 3
14 5 3
14 7 20
14 19 3
14 13 3
14 11 7
14 13 22
14 19 22
14 7 14
14 7 15
14 7 4
14 2 3
14 7 1
14 7 12
14 7 23
14 14 3
15 7 21
15 22 3
16 7 22
16 5 22
16 20 7
16 6 7
16 3 7
16 19 4
16 13 22
16 7 16
16 11 7
16 2 4
16 23 22
16 21 7
16 16 9
16 2 22
16 14 22
17 7 4
18 7 19
19 16 7
19 2 7
19 23 7
19 11 7
19 12 19
19 12 7
19 12 15
20 12 4
21 18 7
21 10 7
22 7 17
23 7 5
24 6 21
24 5 4
24 20 12
24 16 12
24 17 6
24 15 4
24 9 12
25 6 17
25 9 12
25 12 14
25 4 14
25 20 16
26 16 12
27 12 23
27 14 12
27 12 22
27 13 12
27 19 12
27 12 15
27 11 8
28 18 11
29 15 12
30 21 6
30 22 4
31 16 12
32 12 16
32 4 12
32 21 6
32 11 10
33 12 19
33 14 12
34 20 12
35 22 19
35 14 23
36 23 14
36 23 5
37 12 13
37 23 5
37 13 23
37 22 12
38 13 3
38 19 3
38 2 4
38 13 19
38 23 22
38 18 8
38 13 5
38 13 22
38 2 3
38 14 19
38 2 14
39 23 4
39 22 4
39 2 4
39 13 3
39 5 3
39 23 3
39 3 4
39 16 9
40 5 4
40 14 3
40 4 19
40 2 4
40 13 4
40 14 4
40 23 4
40 22 3
40 23 3
40 22 4
40 5 3
41 21 1
41 20 16
41 13 4
41 15 4
41 23 4
41 14 4
41 10 18
41 22 4
41 3 4
41 5 4
41 8 18
41 19 4
41 2 4
42 22 3
42 5 19
42 2 3
42 23 3
42 13 3
42 14 3
42 23 19
42 15 3
42 5 3
42 2 19
43 23 3
43 3 2
43 3 15
44 3 22
44 3 14
44 3 19
45 2 3
45 5 3
45 14 3
45 3 19
46 3 2
47 3 13
48 22 23
48 13 19
48 2 19
48 5 19
48 14 19
48 22 2
48 23 19
48 19 22
48 14 22
48 5 22
49 23 22
49 2 22
49 19 22
50 22 19
51 23 22
51 5 22
52 2 19
52 14 19
52 23 19
52 5 13
52 13 19
53 2 19
53 5 19
53 14 19
54 5 19
54 14 19
55 23 19
55 5 19
56 13 23
56 14 23
56 2 23
57 13 5
57 14 2
57 23 14
57 23 2
57 13 23
57 5 23
58 23 13
58 5 23
58 2 23
59 14 23
60 13 5
60 2 14
61 2 14
61 5 13
62 13 5
62 2 14
63 5 13
63 14 2
64 2 14
64 5 13
