1 11.0 10.0
1 11.0 14.0
1 5.0 14.0
1 11.0 12.0
1 5.0 12.0
1 14.0 12.0
1 4.0 12.0
1 4.0 2.0
1 9.0 2.0
1 4.0 8.0
1 9.0 8.0
1 1.0 11.0
1 7.0 11.0
1 13.0 10.0
1 1.0 5.0
1 1.0 15.0
2 3.0 8.0
2 3.0 4.0
2 2.0 13.0
2 11.0 10.0
2 10.0 15.0
2 10.0 13.0
2 1.0 7.0
2 1.0 9.0
2 2.0 12.0
2 13.0 12.0
2 7.0 12.0
2 1.0 2.0
2 7.0 10.0
2 4.0 10.0
2 9.0 10.0
2 7.0 15.0
3 3.0 8.0
3 2.0 10.0
3 2.0 5.0
3 2.0 13.0
3 11.0 10.0
3 10.0 7.0
3 5.0 14.0
3 5.0 7.0
3 1.0 6.0
3 1.0 4.0
3 14.0 6.0
3 13.0 4.0
3 9.0 10.0
3 9.0 5.0
3 7.0 14.0
3 9.0 4.0
4 3.0 13.0
4 3.0 9.0
4 12.0 13.0
4 2.0 11.0
4 2.0 15.0
4 2.0 7.0
4 11.0 13.0
4 10.0 7.0
4 1.0 13.0
4 1.0 4.0
4 6.0 9.0
4 4.0 10.0
4 1.0 15.0
4 6.0 14.0
4 13.0 14.0
4 9.0 14.0
5 3.0 14.0
5 3.0 7.0
5 2.0 8.0
5 2.0 4.0
5 5.0 14.0
5 1.0 7.0
5 2.0 3.0
5 4.0 3.0
5 2.0 12.0
5 5.0 12.0
5 14.0 11.0
5 15.0 10.0
5 9.0 10.0
5 13.0 14.0
5 4.0 14.0
5 4.0 7.0
6 3.0 12.0
6 2.0 5.0
6 2.0 13.0
6 11.0 6.0
6 11.0 4.0
6 10.0 9.0
6 5.0 6.0
6 2.0 3.0
6 2.0 12.0
6 11.0 12.0
6 15.0 12.0
6 1.0 8.0
6 1.0 10.0
6 6.0 14.0
6 13.0 6.0
6 4.0 6.0
7 3.0 4.0
7 2.0 11.0
7 2.0 7.0
7 8.0 6.0
7 11.0 13.0
7 10.0 14.0
7 15.0 9.0
7 1.0 14.0
7 1.0 9.0
7 14.0 7.0
7 4.0 9.0
7 2.0 12.0
7 11.0 8.0
7 5.0 10.0
7 1.0 10.0
7 1.0 15.0
8 3.0 10.0
8 3.0 5.0
8 3.0 7.0
8 3.0 9.0
8 2.0 14.0
8 8.0 7.0
8 11.0 10.0
8 5.0 7.0
8 13.0 7.0
8 15.0 12.0
8 4.0 11.0
8 9.0 5.0
8 1.0 15.0
8 7.0 14.0
8 9.0 14.0
8 13.0 6.0
9 3.0 8.0
9 3.0 15.0
9 3.0 7.0
9 3.0 4.0
9 2.0 8.0
9 2.0 13.0
9 11.0 5.0
9 10.0 13.0
9 15.0 9.0
9 1.0 4.0
9 1.0 9.0
9 7.0 9.0
9 4.0 9.0
9 1.0 3.0
9 7.0 5.0
9 13.0 15.0
10 12.0 7.0
10 12.0 4.0
10 2.0 8.0
10 11.0 15.0
10 10.0 4.0
10 5.0 13.0
10 5.0 4.0
10 1.0 4.0
10 4.0 3.0
10 2.0 12.0
10 1.0 8.0
10 6.0 8.0
10 7.0 8.0
10 4.0 8.0
10 9.0 7.0
10 9.0 4.0
11 3.0 12.0
11 12.0 4.0
11 2.0 8.0
11 11.0 15.0
11 5.0 15.0
11 1.0 9.0
11 14.0 7.0
11 1.0 2.0
11 10.0 8.0
11 15.0 8.0
11 14.0 8.0
11 6.0 8.0
11 7.0 8.0
11 5.0 11.0
11 9.0 10.0
11 7.0 15.0
12 3.0 12.0
12 3.0 11.0
12 3.0 5.0
12 3.0 15.0
12 3.0 13.0
12 2.0 7.0
12 2.0 4.0
12 8.0 13.0
12 5.0 7.0
12 1.0 9.0
12 6.0 7.0
12 11.0 2.0
12 1.0 2.0
12 4.0 5.0
12 13.0 14.0
12 9.0 4.0
13 12.0 9.0
13 8.0 11.0
13 8.0 9.0
13 10.0 5.0
13 6.0 9.0
13 4.0 9.0
13 15.0 11.0
13 6.0 11.0
13 1.0 10.0
13 6.0 10.0
13 14.0 5.0
13 7.0 5.0
13 13.0 15.0
13 6.0 14.0
13 13.0 14.0
13 4.0 13.0
14 3.0 10.0
14 3.0 15.0
14 3.0 7.0
14 3.0 4.0
14 12.0 15.0
14 5.0 9.0
14 1.0 12.0
14 7.0 12.0
14 1.0 8.0
14 6.0 8.0
14 9.0 11.0
14 1.0 10.0
14 7.0 10.0
14 14.0 15.0
14 4.0 14.0
14 4.0 7.0
15 2.0 6.0
15 11.0 10.0
15 11.0 15.0
15 10.0 13.0
15 5.0 1.0
15 13.0 7.0
15 1.0 3.0
15 8.0 12.0
15 14.0 12.0
15 4.0 12.0
15 1.0 2.0
15 14.0 8.0
15 7.0 8.0
15 9.0 8.0
15 4.0 10.0
15 9.0 10.0
16 3.0 6.0
16 3.0 4.0
16 2.0 10.0
16 2.0 13.0
16 8.0 13.0
16 5.0 13.0
16 10.0 12.0
16 1.0 12.0
16 14.0 8.0
16 5.0 11.0
16 7.0 11.0
16 6.0 10.0
16 1.0 5.0
16 1.0 15.0
16 6.0 14.0
16 9.0 13.0
17 3.0 5.0
17 3.0 4.0
17 12.0 11.0
17 2.0 8.0
17 2.0 14.0
17 10.0 14.0
17 15.0 7.0
17 1.0 4.0
17 2.0 3.0
17 1.0 12.0
17 6.0 12.0
17 4.0 12.0
17 11.0 8.0
17 15.0 10.0
17 1.0 15.0
17 6.0 15.0
18 3.0 9.0
18 2.0 13.0
18 2.0 4.0
18 8.0 13.0
18 5.0 14.0
18 5.0 13.0
18 5.0 7.0
18 1.0 7.0
18 6.0 7.0
18 15.0 12.0
18 4.0 12.0
18 5.0 10.0
18 7.0 10.0
18 6.0 15.0
18 6.0 14.0
18 13.0 14.0
19 2.0 8.0
19 11.0 13.0
19 5.0 15.0
19 15.0 6.0
19 6.0 4.0
19 4.0 9.0
19 2.0 12.0
19 13.0 12.0
19 5.0 2.0
19 13.0 2.0
19 6.0 8.0
19 4.0 11.0
19 14.0 1.0
19 6.0 1.0
19 9.0 13.0
19 4.0 7.0
20 3.0 5.0
20 2.0 7.0
20 10.0 9.0
20 5.0 15.0
20 5.0 14.0
20 1.0 14.0
20 1.0 6.0
20 6.0 7.0
20 7.0 4.0
20 5.0 12.0
20 7.0 12.0
20 11.0 2.0
20 4.0 8.0
20 10.0 11.0
20 6.0 10.0
20 9.0 14.0
21 3.0 11.0
21 11.0 5.0
21 10.0 7.0
21 10.0 4.0
21 5.0 6.0
21 5.0 4.0
21 1.0 6.0
21 7.0 4.0
21 8.0 12.0
21 11.0 12.0
21 5.0 12.0
21 10.0 2.0
21 15.0 8.0
21 7.0 8.0
21 7.0 13.0
21 9.0 13.0
22 3.0 10.0
22 12.0 13.0
22 2.0 4.0
22 8.0 11.0
22 8.0 14.0
22 10.0 7.0
22 5.0 15.0
22 5.0 13.0
22 5.0 7.0
22 1.0 12.0
22 6.0 12.0
22 5.0 8.0
22 1.0 11.0
22 6.0 10.0
22 9.0 10.0
22 14.0 15.0
23 12.0 14.0
23 12.0 13.0
23 12.0 4.0
23 2.0 11.0
23 2.0 10.0
23 11.0 4.0
23 10.0 13.0
23 5.0 9.0
23 15.0 13.0
23 15.0 9.0
23 1.0 13.0
23 4.0 9.0
23 1.0 3.0
23 1.0 10.0
23 4.0 15.0
23 13.0 14.0
24 3.0 15.0
24 3.0 7.0
24 8.0 5.0
24 8.0 15.0
24 1.0 7.0
24 1.0 3.0
24 2.0 12.0
24 11.0 12.0
24 7.0 12.0
24 11.0 8.0
24 1.0 8.0
24 13.0 8.0
24 6.0 10.0
24 1.0 5.0
24 13.0 15.0
24 9.0 14.0
25 3.0 5.0
25 3.0 15.0
25 3.0 9.0
25 5.0 9.0
25 1.0 14.0
25 1.0 6.0
25 1.0 13.0
25 2.0 3.0
25 8.0 12.0
25 6.0 12.0
25 4.0 12.0
25 10.0 8.0
25 1.0 10.0
25 4.0 10.0
25 7.0 13.0
25 4.0 13.0
26 3.0 11.0
26 3.0 9.0
26 11.0 10.0
26 11.0 15.0
26 11.0 14.0
26 11.0 13.0
26 1.0 9.0
26 14.0 7.0
26 2.0 3.0
26 9.0 12.0
26 6.0 8.0
26 4.0 8.0
26 9.0 8.0
26 1.0 15.0
26 6.0 14.0
26 9.0 14.0
27 3.0 14.0
27 3.0 13.0
27 2.0 8.0
27 2.0 15.0
27 8.0 13.0
27 10.0 13.0
27 2.0 3.0
27 5.0 3.0
27 8.0 12.0
27 1.0 12.0
27 10.0 8.0
27 5.0 8.0
27 7.0 15.0
27 4.0 15.0
27 4.0 14.0
27 7.0 6.0
28 3.0 5.0
28 3.0 13.0
28 3.0 7.0
28 3.0 4.0
28 8.0 7.0
28 5.0 15.0
28 6.0 13.0
28 1.0 3.0
28 10.0 12.0
28 4.0 8.0
28 9.0 10.0
28 4.0 5.0
28 7.0 15.0
28 7.0 14.0
28 4.0 14.0
28 4.0 6.0
29 2.0 15.0
29 2.0 6.0
29 10.0 9.0
29 5.0 9.0
29 1.0 7.0
29 4.0 3.0
29 11.0 12.0
29 15.0 12.0
29 4.0 12.0
29 10.0 2.0
29 5.0 8.0
29 13.0 8.0
29 4.0 8.0
29 5.0 10.0
29 1.0 10.0
29 7.0 13.0
30 3.0 13.0
30 11.0 10.0
30 11.0 15.0
30 10.0 13.0
30 5.0 13.0
30 15.0 9.0
30 1.0 9.0
30 2.0 12.0
30 1.0 12.0
30 4.0 12.0
30 1.0 2.0
30 11.0 8.0
30 9.0 10.0
30 14.0 5.0
30 1.0 15.0
30 9.0 7.0
31 2.0 5.0
31 2.0 14.0
31 8.0 14.0
31 8.0 7.0
31 1.0 4.0
31 8.0 12.0
31 1.0 12.0
31 6.0 8.0
31 9.0 8.0
31 6.0 11.0
31 14.0 10.0
31 13.0 10.0
31 4.0 5.0
31 1.0 15.0
31 4.0 6.0
31 4.0 13.0
32 3.0 12.0
32 12.0 15.0
32 12.0 14.0
32 2.0 5.0
32 2.0 15.0
32 2.0 6.0
32 15.0 13.0
32 14.0 13.0
32 2.0 3.0
32 8.0 12.0
32 4.0 12.0
32 6.0 8.0
32 1.0 5.0
32 7.0 15.0
32 9.0 6.0
32 9.0 13.0
33 3.0 12.0
33 3.0 9.0
33 2.0 6.0
33 2.0 13.0
33 8.0 13.0
33 11.0 5.0
33 11.0 14.0
33 10.0 7.0
33 5.0 15.0
33 5.0 14.0
33 1.0 6.0
33 1.0 13.0
33 14.0 13.0
33 6.0 4.0
33 5.0 12.0
33 9.0 5.0
34 3.0 15.0
34 3.0 14.0
34 3.0 6.0
34 2.0 11.0
34 2.0 6.0
34 8.0 13.0
34 1.0 14.0
34 1.0 6.0
34 2.0 3.0
34 7.0 12.0
34 1.0 2.0
34 1.0 11.0
34 6.0 5.0
34 14.0 15.0
34 13.0 15.0
34 7.0 15.0
35 3.0 5.0
35 3.0 9.0
35 2.0 15.0
35 2.0 13.0
35 11.0 15.0
35 5.0 6.0
35 1.0 3.0
35 11.0 12.0
35 13.0 12.0
35 4.0 8.0
35 10.0 11.0
35 13.0 11.0
35 4.0 11.0
35 7.0 14.0
35 13.0 6.0
35 7.0 6.0
36 11.0 9.0
36 15.0 3.0
36 6.0 3.0
36 11.0 8.0
36 14.0 8.0
36 13.0 8.0
36 7.0 8.0
36 14.0 10.0
36 13.0 15.0
36 14.0 1.0
36 6.0 1.0
36 7.0 1.0
36 4.0 1.0
36 4.0 14.0
36 7.0 13.0
36 9.0 13.0
37 3.0 5.0
37 12.0 15.0
37 2.0 6.0
37 5.0 15.0
37 5.0 13.0
37 4.0 12.0
37 5.0 11.0
37 13.0 11.0
37 7.0 11.0
37 1.0 10.0
37 6.0 10.0
37 6.0 15.0
37 13.0 15.0
37 7.0 15.0
37 9.0 6.0
37 9.0 4.0
38 12.0 11.0
38 2.0 10.0
38 2.0 15.0
38 2.0 7.0
38 8.0 13.0
38 1.0 14.0
38 6.0 9.0
38 1.0 3.0
38 5.0 12.0
38 15.0 12.0
38 9.0 12.0
38 14.0 8.0
38 6.0 8.0
38 9.0 11.0
38 4.0 15.0
38 6.0 14.0
39 3.0 10.0
39 2.0 15.0
39 2.0 13.0
39 11.0 14.0
39 11.0 6.0
39 10.0 15.0
39 10.0 14.0
39 5.0 14.0
39 5.0 9.0
39 8.0 3.0
39 15.0 3.0
39 4.0 12.0
39 7.0 14.0
39 4.0 14.0
39 4.0 6.0
39 4.0 13.0
40 3.0 11.0
40 3.0 14.0
40 2.0 6.0
40 10.0 14.0
40 10.0 9.0
40 1.0 9.0
40 14.0 7.0
40 13.0 4.0
40 7.0 4.0
40 8.0 12.0
40 9.0 12.0
40 11.0 8.0
40 6.0 11.0
40 4.0 15.0
40 13.0 6.0
40 9.0 13.0
41 3.0 8.0
41 3.0 13.0
41 3.0 9.0
41 8.0 5.0
41 11.0 15.0
41 11.0 7.0
41 10.0 15.0
41 10.0 14.0
41 10.0 13.0
41 1.0 7.0
41 1.0 9.0
41 11.0 8.0
41 6.0 10.0
41 1.0 15.0
41 14.0 15.0
41 9.0 13.0
42 3.0 15.0
42 2.0 11.0
42 10.0 13.0
42 1.0 7.0
42 1.0 9.0
42 6.0 7.0
42 8.0 12.0
42 11.0 12.0
42 6.0 12.0
42 7.0 12.0
42 1.0 2.0
42 10.0 11.0
42 5.0 11.0
42 13.0 11.0
42 13.0 15.0
42 4.0 7.0
43 3.0 9.0
43 2.0 6.0
43 2.0 13.0
43 2.0 7.0
43 8.0 9.0
43 11.0 15.0
43 10.0 13.0
43 5.0 7.0
43 1.0 7.0
43 4.0 9.0
43 5.0 3.0
43 2.0 12.0
43 4.0 2.0
43 1.0 8.0
43 1.0 11.0
43 4.0 15.0
44 3.0 13.0
44 2.0 11.0
44 2.0 5.0
44 2.0 13.0
44 10.0 15.0
44 10.0 4.0
44 5.0 14.0
44 5.0 6.0
44 1.0 9.0
44 14.0 7.0
44 8.0 12.0
44 9.0 12.0
44 15.0 8.0
44 9.0 10.0
44 1.0 15.0
44 7.0 6.0
45 3.0 9.0
45 2.0 8.0
45 11.0 5.0
45 11.0 15.0
45 5.0 14.0
45 15.0 7.0
45 1.0 9.0
45 13.0 7.0
45 10.0 12.0
45 13.0 12.0
45 4.0 12.0
45 6.0 8.0
45 13.0 15.0
45 9.0 15.0
45 6.0 14.0
45 9.0 6.0
46 3.0 11.0
46 3.0 14.0
46 3.0 7.0
46 3.0 9.0
46 2.0 14.0
46 2.0 4.0
46 5.0 9.0
46 6.0 13.0
46 13.0 4.0
46 5.0 3.0
46 13.0 12.0
46 5.0 8.0
46 4.0 11.0
46 5.0 10.0
46 13.0 15.0
46 4.0 14.0
47 2.0 11.0
47 2.0 14.0
47 10.0 9.0
47 1.0 4.0
47 1.0 9.0
47 13.0 7.0
47 1.0 3.0
47 2.0 12.0
47 10.0 12.0
47 1.0 12.0
47 1.0 2.0
47 13.0 8.0
47 4.0 8.0
47 1.0 11.0
47 4.0 11.0
47 13.0 15.0
48 3.0 12.0
48 3.0 11.0
48 3.0 13.0
48 3.0 7.0
48 2.0 6.0
48 8.0 15.0
48 10.0 13.0
48 15.0 6.0
48 15.0 7.0
48 8.0 3.0
48 1.0 3.0
48 10.0 12.0
48 15.0 12.0
48 1.0 2.0
48 1.0 5.0
48 4.0 6.0
49 3.0 10.0
49 2.0 15.0
49 2.0 4.0
49 2.0 9.0
49 8.0 13.0
49 10.0 15.0
49 10.0 6.0
49 10.0 4.0
49 5.0 13.0
49 5.0 7.0
49 1.0 6.0
49 1.0 13.0
49 9.0 10.0
49 1.0 5.0
49 7.0 13.0
49 4.0 13.0
50 3.0 5.0
50 2.0 11.0
50 2.0 14.0
50 2.0 7.0
50 11.0 14.0
50 5.0 13.0
50 1.0 9.0
50 14.0 4.0
50 6.0 13.0
50 14.0 12.0
50 15.0 8.0
50 1.0 8.0
50 7.0 8.0
50 10.0 11.0
50 6.0 14.0
50 9.0 14.0
51 3.0 8.0
51 3.0 5.0
51 12.0 11.0
51 8.0 10.0
51 8.0 5.0
51 8.0 6.0
51 5.0 6.0
51 15.0 7.0
51 4.0 9.0
51 1.0 2.0
51 1.0 11.0
51 7.0 5.0
51 1.0 15.0
51 9.0 15.0
51 4.0 1.0
51 9.0 6.0
52 2.0 4.0
52 8.0 9.0
52 11.0 9.0
52 15.0 9.0
52 1.0 6.0
52 14.0 7.0
52 6.0 9.0
52 13.0 7.0
52 13.0 9.0
52 6.0 3.0
52 5.0 12.0
52 1.0 11.0
52 4.0 11.0
52 13.0 15.0
52 6.0 14.0
52 4.0 13.0
53 3.0 12.0
53 3.0 10.0
53 2.0 14.0
53 2.0 13.0
53 2.0 9.0
53 8.0 15.0
53 10.0 14.0
53 10.0 13.0
53 10.0 7.0
53 10.0 4.0
53 5.0 6.0
53 6.0 7.0
53 2.0 3.0
53 1.0 8.0
53 9.0 6.0
53 9.0 13.0
54 3.0 5.0
54 3.0 6.0
54 3.0 9.0
54 2.0 5.0
54 2.0 15.0
54 2.0 6.0
54 11.0 15.0
54 15.0 13.0
54 11.0 12.0
54 5.0 12.0
54 15.0 12.0
54 6.0 12.0
54 7.0 8.0
54 7.0 11.0
54 7.0 15.0
54 7.0 14.0
55 3.0 10.0
55 3.0 1.0
55 2.0 1.0
55 8.0 1.0
55 5.0 13.0
55 5.0 7.0
55 1.0 14.0
55 14.0 13.0
55 6.0 4.0
55 8.0 12.0
55 10.0 12.0
55 15.0 12.0
55 14.0 2.0
55 1.0 11.0
55 6.0 15.0
55 9.0 7.0
56 3.0 11.0
56 3.0 6.0
56 2.0 6.0
56 11.0 7.0
56 10.0 13.0
56 5.0 14.0
56 5.0 6.0
56 5.0 9.0
56 1.0 7.0
56 7.0 4.0
56 6.0 12.0
56 10.0 2.0
56 13.0 8.0
56 13.0 15.0
56 4.0 15.0
56 7.0 13.0
57 12.0 5.0
57 2.0 11.0
57 2.0 7.0
57 8.0 10.0
57 8.0 4.0
57 11.0 4.0
57 10.0 9.0
57 5.0 9.0
57 1.0 13.0
57 1.0 4.0
57 14.0 4.0
57 7.0 9.0
57 6.0 10.0
57 1.0 15.0
57 9.0 14.0
57 7.0 13.0
58 3.0 8.0
58 2.0 8.0
58 2.0 9.0
58 8.0 15.0
58 8.0 6.0
58 11.0 13.0
58 10.0 14.0
58 1.0 14.0
58 1.0 12.0
58 11.0 8.0
58 9.0 8.0
58 7.0 10.0
58 1.0 15.0
58 7.0 15.0
58 13.0 14.0
58 7.0 14.0
59 3.0 10.0
59 3.0 4.0
59 2.0 5.0
59 11.0 15.0
59 10.0 5.0
59 1.0 6.0
59 1.0 13.0
59 13.0 9.0
59 2.0 12.0
59 6.0 12.0
59 13.0 12.0
59 6.0 11.0
59 1.0 10.0
59 7.0 10.0
59 9.0 14.0
59 4.0 13.0
60 3.0 11.0
60 3.0 15.0
60 3.0 14.0
60 2.0 13.0
60 2.0 4.0
60 8.0 15.0
60 11.0 6.0
60 5.0 9.0
60 2.0 3.0
60 2.0 12.0
60 5.0 12.0
60 7.0 8.0
60 10.0 11.0
60 4.0 11.0
60 9.0 15.0
60 4.0 6.0
61 3.0 5.0
61 3.0 14.0
61 3.0 7.0
61 12.0 14.0
61 2.0 8.0
61 2.0 5.0
61 11.0 15.0
61 10.0 4.0
61 1.0 7.0
61 14.0 6.0
61 14.0 7.0
61 2.0 12.0
61 1.0 12.0
61 6.0 15.0
61 9.0 13.0
61 9.0 4.0
62 2.0 7.0
62 8.0 15.0
62 10.0 9.0
62 5.0 14.0
62 6.0 4.0
62 13.0 9.0
62 6.0 12.0
62 1.0 2.0
62 4.0 8.0
62 1.0 11.0
62 14.0 11.0
62 1.0 10.0
62 7.0 10.0
62 1.0 5.0
62 4.0 15.0
62 7.0 14.0
63 3.0 10.0
63 3.0 9.0
63 12.0 11.0
63 2.0 9.0
63 8.0 11.0
63 8.0 6.0
63 5.0 4.0
63 1.0 7.0
63 6.0 9.0
63 2.0 3.0
63 6.0 12.0
63 5.0 11.0
63 9.0 11.0
63 6.0 10.0
63 13.0 15.0
63 9.0 4.0
64 12.0 8.0
64 12.0 4.0
64 2.0 13.0
64 2.0 7.0
64 8.0 4.0
64 11.0 13.0
64 10.0 4.0
64 5.0 6.0
64 2.0 3.0
64 1.0 3.0
64 1.0 12.0
64 10.0 8.0
64 13.0 8.0
64 7.0 11.0
64 13.0 14.0
64 4.0 6.0
65 3.0 11.0
65 2.0 14.0
65 8.0 11.0
65 15.0 14.0
65 1.0 14.0
65 1.0 6.0
65 1.0 9.0
65 6.0 7.0
65 11.0 12.0
65 1.0 11.0
65 1.0 5.0
65 6.0 5.0
65 9.0 5.0
65 13.0 15.0
65 4.0 15.0
65 9.0 14.0
66 3.0 8.0
66 3.0 5.0
66 2.0 5.0
66 2.0 15.0
66 2.0 6.0
66 2.0 4.0
66 11.0 13.0
66 1.0 3.0
66 10.0 12.0
66 9.0 12.0
66 5.0 8.0
66 1.0 8.0
66 5.0 10.0
66 6.0 5.0
66 4.0 14.0
66 9.0 7.0
67 3.0 14.0
67 2.0 8.0
67 2.0 15.0
67 2.0 6.0
67 8.0 5.0
67 8.0 14.0
67 11.0 14.0
67 5.0 7.0
67 1.0 9.0
67 6.0 4.0
67 6.0 12.0
67 1.0 10.0
67 6.0 10.0
67 1.0 15.0
67 14.0 15.0
67 4.0 15.0
68 2.0 13.0
68 8.0 6.0
68 10.0 15.0
68 10.0 7.0
68 5.0 7.0
68 15.0 7.0
68 15.0 4.0
68 1.0 14.0
68 1.0 13.0
68 2.0 3.0
68 5.0 12.0
68 15.0 12.0
68 9.0 12.0
68 1.0 11.0
68 13.0 15.0
68 13.0 14.0
69 3.0 7.0
69 2.0 8.0
69 2.0 11.0
69 2.0 13.0
69 11.0 7.0
69 1.0 4.0
69 6.0 7.0
69 1.0 3.0
69 1.0 11.0
69 4.0 11.0
69 7.0 10.0
69 4.0 10.0
69 14.0 5.0
69 4.0 6.0
69 9.0 13.0
69 4.0 7.0
70 3.0 8.0
70 3.0 11.0
70 3.0 14.0
70 3.0 6.0
70 2.0 10.0
70 10.0 15.0
70 5.0 7.0
70 1.0 3.0
70 13.0 12.0
70 9.0 12.0
70 10.0 11.0
70 4.0 11.0
70 1.0 15.0
70 4.0 14.0
70 9.0 14.0
70 4.0 7.0
71 3.0 5.0
71 3.0 15.0
71 3.0 6.0
71 2.0 15.0
71 2.0 14.0
71 11.0 14.0
71 11.0 9.0
71 10.0 7.0
71 15.0 6.0
71 2.0 3.0
71 8.0 12.0
71 14.0 12.0
71 14.0 8.0
71 1.0 11.0
71 9.0 10.0
71 9.0 5.0
72 3.0 5.0
72 2.0 5.0
72 2.0 14.0
72 10.0 14.0
72 15.0 14.0
72 15.0 6.0
72 1.0 3.0
72 7.0 12.0
72 9.0 12.0
72 9.0 2.0
72 11.0 8.0
72 10.0 8.0
72 9.0 8.0
72 1.0 5.0
72 13.0 5.0
72 4.0 1.0
73 3.0 8.0
73 3.0 10.0
73 3.0 14.0
73 2.0 8.0
73 2.0 6.0
73 8.0 11.0
73 11.0 13.0
73 5.0 14.0
73 5.0 13.0
73 15.0 13.0
73 10.0 12.0
73 14.0 8.0
73 7.0 8.0
73 5.0 11.0
73 1.0 15.0
73 9.0 14.0
74 3.0 8.0
74 12.0 13.0
74 2.0 6.0
74 2.0 13.0
74 8.0 7.0
74 11.0 15.0
74 11.0 6.0
74 11.0 4.0
74 10.0 14.0
74 15.0 6.0
74 7.0 4.0
74 11.0 12.0
74 5.0 2.0
74 9.0 10.0
74 1.0 5.0
74 7.0 6.0
75 3.0 6.0
75 8.0 11.0
75 8.0 15.0
75 8.0 13.0
75 11.0 15.0
75 5.0 13.0
75 14.0 9.0
75 1.0 3.0
75 4.0 12.0
75 1.0 8.0
75 6.0 8.0
75 10.0 11.0
75 1.0 11.0
75 6.0 5.0
75 9.0 15.0
75 4.0 13.0
76 3.0 11.0
76 3.0 10.0
76 3.0 4.0
76 12.0 6.0
76 12.0 7.0
76 10.0 15.0
76 6.0 9.0
76 8.0 12.0
76 7.0 8.0
76 14.0 11.0
76 4.0 11.0
76 4.0 10.0
76 15.0 5.0
76 14.0 15.0
76 14.0 1.0
76 7.0 13.0
77 3.0 8.0
77 2.0 5.0
77 11.0 13.0
77 11.0 9.0
77 15.0 13.0
77 6.0 13.0
77 6.0 4.0
77 11.0 3.0
77 14.0 12.0
77 9.0 2.0
77 6.0 8.0
77 1.0 10.0
77 1.0 15.0
77 14.0 15.0
77 9.0 13.0
77 9.0 7.0
78 3.0 8.0
78 3.0 15.0
78 3.0 14.0
78 12.0 10.0
78 12.0 13.0
78 11.0 5.0
78 10.0 13.0
78 14.0 7.0
78 9.0 3.0
78 8.0 12.0
78 5.0 12.0
78 9.0 12.0
78 14.0 8.0
78 14.0 5.0
78 14.0 15.0
78 9.0 6.0
79 3.0 8.0
79 3.0 7.0
79 12.0 13.0
79 2.0 15.0
79 11.0 15.0
79 10.0 4.0
79 5.0 15.0
79 15.0 14.0
79 15.0 7.0
79 1.0 6.0
79 6.0 7.0
79 5.0 12.0
79 15.0 10.0
79 6.0 15.0
79 9.0 14.0
79 4.0 7.0
80 3.0 15.0
80 2.0 8.0
80 2.0 4.0
80 10.0 5.0
80 10.0 6.0
80 1.0 14.0
80 1.0 9.0
80 2.0 3.0
80 2.0 12.0
80 1.0 8.0
80 4.0 8.0
80 13.0 10.0
80 1.0 5.0
80 13.0 5.0
80 13.0 15.0
80 9.0 14.0
81 3.0 7.0
81 12.0 9.0
81 2.0 14.0
81 2.0 13.0
81 11.0 9.0
81 10.0 6.0
81 5.0 14.0
81 5.0 13.0
81 15.0 13.0
81 1.0 4.0
81 1.0 9.0
81 2.0 12.0
81 5.0 8.0
81 14.0 8.0
81 7.0 8.0
81 5.0 11.0
82 3.0 12.0
82 3.0 4.0
82 2.0 8.0
82 8.0 11.0
82 8.0 5.0
82 5.0 15.0
82 1.0 6.0
82 6.0 7.0
82 13.0 7.0
82 2.0 3.0
82 1.0 3.0
82 2.0 12.0
82 7.0 12.0
82 14.0 11.0
82 13.0 14.0
82 9.0 7.0
83 3.0 4.0
83 2.0 10.0
83 2.0 6.0
83 2.0 7.0
83 2.0 9.0
83 11.0 5.0
83 10.0 4.0
83 15.0 6.0
83 1.0 9.0
83 14.0 7.0
83 10.0 12.0
83 14.0 12.0
83 9.0 11.0
83 9.0 5.0
83 14.0 15.0
83 13.0 15.0
84 3.0 7.0
84 8.0 11.0
84 8.0 5.0
84 8.0 15.0
84 8.0 4.0
84 11.0 14.0
84 10.0 14.0
84 5.0 6.0
84 5.0 13.0
84 5.0 7.0
84 15.0 13.0
84 13.0 7.0
84 8.0 12.0
84 7.0 11.0
84 9.0 5.0
84 1.0 15.0
85 3.0 12.0
85 3.0 8.0
85 3.0 5.0
85 3.0 6.0
85 3.0 4.0
85 2.0 10.0
85 8.0 10.0
85 11.0 5.0
85 5.0 14.0
85 15.0 7.0
85 14.0 7.0
85 8.0 12.0
85 11.0 12.0
85 5.0 8.0
85 9.0 8.0
85 6.0 14.0
86 12.0 8.0
86 2.0 8.0
86 2.0 11.0
86 2.0 14.0
86 11.0 15.0
86 10.0 15.0
86 10.0 6.0
86 5.0 6.0
86 1.0 13.0
86 1.0 9.0
86 13.0 7.0
86 7.0 4.0
86 1.0 3.0
86 2.0 12.0
86 6.0 8.0
86 9.0 14.0
87 3.0 7.0
87 2.0 6.0
87 10.0 14.0
87 14.0 4.0
87 2.0 12.0
87 1.0 12.0
87 6.0 12.0
87 9.0 12.0
87 5.0 2.0
87 1.0 2.0
87 11.0 8.0
87 6.0 8.0
87 1.0 10.0
87 9.0 5.0
87 14.0 15.0
87 6.0 15.0
88 3.0 15.0
88 3.0 7.0
88 12.0 11.0
88 12.0 14.0
88 12.0 6.0
88 2.0 8.0
88 8.0 4.0
88 11.0 6.0
88 15.0 6.0
88 10.0 11.0
88 1.0 10.0
88 1.0 5.0
88 1.0 15.0
88 9.0 15.0
88 9.0 13.0
88 9.0 4.0
89 3.0 13.0
89 2.0 1.0
89 8.0 6.0
89 11.0 14.0
89 11.0 4.0
89 10.0 4.0
89 5.0 6.0
89 5.0 7.0
89 15.0 14.0
89 6.0 7.0
89 1.0 12.0
89 14.0 12.0
89 1.0 11.0
89 5.0 10.0
89 4.0 6.0
89 9.0 7.0
90 2.0 10.0
90 8.0 11.0
90 8.0 15.0
90 1.0 6.0
90 7.0 4.0
90 2.0 3.0
90 11.0 3.0
90 14.0 11.0
90 9.0 5.0
90 1.0 15.0
90 6.0 15.0
90 13.0 15.0
90 7.0 15.0
90 9.0 15.0
90 6.0 14.0
90 9.0 6.0
91 3.0 10.0
91 3.0 7.0
91 2.0 10.0
91 2.0 5.0
91 2.0 14.0
91 8.0 7.0
91 10.0 9.0
91 15.0 6.0
91 1.0 13.0
91 14.0 13.0
91 1.0 12.0
91 4.0 12.0
91 1.0 2.0
91 11.0 8.0
91 5.0 10.0
91 15.0 10.0
92 3.0 4.0
92 2.0 8.0
92 2.0 10.0
92 8.0 6.0
92 8.0 7.0
92 11.0 7.0
92 10.0 15.0
92 10.0 14.0
92 1.0 7.0
92 1.0 9.0
92 2.0 3.0
92 8.0 12.0
92 5.0 8.0
92 6.0 15.0
92 9.0 15.0
92 9.0 7.0
93 3.0 8.0
93 3.0 5.0
93 3.0 15.0
93 2.0 11.0
93 2.0 14.0
93 8.0 10.0
93 8.0 13.0
93 11.0 14.0
93 5.0 13.0
93 1.0 4.0
93 8.0 12.0
93 1.0 8.0
93 9.0 11.0
93 4.0 15.0
93 9.0 6.0
93 9.0 13.0
94 3.0 6.0
94 2.0 4.0
94 11.0 14.0
94 10.0 7.0
94 5.0 13.0
94 5.0 4.0
94 1.0 7.0
94 7.0 4.0
94 15.0 12.0
94 14.0 8.0
94 1.0 5.0
94 7.0 5.0
94 6.0 14.0
94 13.0 14.0
94 7.0 14.0
94 9.0 6.0
95 3.0 8.0
95 3.0 11.0
95 2.0 14.0
95 2.0 6.0
95 10.0 9.0
95 5.0 9.0
95 1.0 14.0
95 1.0 13.0
95 1.0 7.0
95 1.0 9.0
95 6.0 13.0
95 6.0 8.0
95 5.0 10.0
95 6.0 14.0
95 4.0 6.0
95 4.0 13.0
96 3.0 8.0
96 3.0 11.0
96 3.0 1.0
96 10.0 15.0
96 10.0 9.0
96 5.0 15.0
96 5.0 13.0
96 5.0 4.0
96 1.0 14.0
96 15.0 8.0
96 13.0 8.0
96 1.0 11.0
96 7.0 11.0
96 6.0 14.0
96 13.0 14.0
96 13.0 6.0
97 3.0 12.0
97 3.0 10.0
97 3.0 14.0
97 2.0 7.0
97 8.0 15.0
97 11.0 10.0
97 5.0 15.0
97 5.0 6.0
97 5.0 4.0
97 1.0 7.0
97 1.0 9.0
97 6.0 7.0
97 1.0 3.0
97 1.0 5.0
97 6.0 14.0
97 9.0 7.0
98 3.0 8.0
98 2.0 8.0
98 2.0 11.0
98 2.0 15.0
98 2.0 9.0
98 8.0 10.0
98 1.0 9.0
98 6.0 13.0
98 4.0 9.0
98 11.0 12.0
98 5.0 12.0
98 6.0 8.0
98 1.0 11.0
98 9.0 10.0
98 1.0 5.0
98 13.0 14.0
99 3.0 12.0
99 12.0 11.0
99 2.0 14.0
99 10.0 7.0
99 10.0 9.0
99 5.0 15.0
99 5.0 6.0
99 5.0 4.0
99 5.0 9.0
99 15.0 14.0
99 14.0 7.0
99 2.0 3.0
99 4.0 3.0
99 8.0 12.0
99 1.0 2.0
99 4.0 11.0
100 3.0 12.0
100 3.0 6.0
100 12.0 7.0
100 2.0 13.0
100 8.0 14.0
100 10.0 6.0
100 1.0 4.0
100 1.0 9.0
100 13.0 7.0
100 13.0 3.0
100 5.0 8.0
100 15.0 11.0
100 1.0 11.0
100 9.0 10.0
100 1.0 15.0
100 6.0 14.0
101 3.0 5.0
101 3.0 7.0
101 2.0 14.0
101 8.0 7.0
101 11.0 15.0
101 10.0 13.0
101 6.0 9.0
101 8.0 12.0
101 10.0 12.0
101 5.0 12.0
101 1.0 12.0
101 4.0 12.0
101 7.0 11.0
101 1.0 10.0
101 7.0 10.0
101 9.0 14.0
102 3.0 12.0
102 3.0 13.0
102 2.0 8.0
102 2.0 5.0
102 2.0 6.0
102 11.0 5.0
102 11.0 14.0
102 1.0 7.0
102 6.0 7.0
102 7.0 4.0
102 9.0 3.0
102 13.0 12.0
102 14.0 8.0
102 7.0 10.0
102 13.0 15.0
102 4.0 6.0
103 3.0 7.0
103 12.0 11.0
103 2.0 7.0
103 11.0 5.0
103 11.0 7.0
103 5.0 4.0
103 15.0 7.0
103 14.0 7.0
103 4.0 9.0
103 1.0 12.0
103 15.0 2.0
103 5.0 8.0
103 6.0 10.0
103 9.0 10.0
103 6.0 5.0
103 7.0 6.0
104 3.0 13.0
104 3.0 7.0
104 2.0 7.0
104 11.0 7.0
104 5.0 6.0
104 15.0 13.0
104 1.0 14.0
104 1.0 9.0
104 14.0 6.0
104 6.0 7.0
104 11.0 12.0
104 15.0 12.0
104 1.0 12.0
104 9.0 2.0
104 13.0 8.0
104 9.0 13.0
105 3.0 11.0
105 12.0 15.0
105 2.0 7.0
105 2.0 9.0
105 8.0 14.0
105 11.0 15.0
105 10.0 13.0
105 5.0 13.0
105 5.0 7.0
105 6.0 4.0
105 1.0 3.0
105 6.0 3.0
105 11.0 12.0
105 1.0 5.0
105 9.0 15.0
105 9.0 4.0
106 3.0 4.0
106 2.0 11.0
106 2.0 14.0
106 2.0 9.0
106 1.0 9.0
106 13.0 4.0
106 7.0 4.0
106 2.0 12.0
106 6.0 12.0
106 9.0 12.0
106 5.0 8.0
106 10.0 11.0
106 7.0 11.0
106 9.0 10.0
106 1.0 5.0
106 14.0 15.0
107 3.0 8.0
107 3.0 11.0
107 3.0 10.0
107 3.0 5.0
107 3.0 14.0
107 2.0 15.0
107 11.0 15.0
107 1.0 9.0
107 4.0 12.0
107 1.0 2.0
107 4.0 8.0
107 1.0 11.0
107 9.0 11.0
107 9.0 10.0
107 13.0 14.0
107 7.0 13.0
108 3.0 14.0
108 3.0 4.0
108 2.0 4.0
108 5.0 14.0
108 5.0 6.0
108 5.0 13.0
108 5.0 7.0
108 15.0 7.0
108 6.0 7.0
108 11.0 12.0
108 13.0 12.0
108 4.0 12.0
108 9.0 12.0
108 1.0 2.0
108 14.0 8.0
108 9.0 15.0
109 3.0 8.0
109 3.0 15.0
109 3.0 7.0
109 2.0 8.0
109 8.0 15.0
109 1.0 6.0
109 1.0 3.0
109 14.0 12.0
109 1.0 2.0
109 9.0 8.0
109 5.0 11.0
109 1.0 11.0
109 13.0 5.0
109 14.0 15.0
109 13.0 15.0
109 4.0 14.0
110 3.0 12.0
110 3.0 9.0
110 2.0 8.0
110 2.0 4.0
110 8.0 11.0
110 8.0 7.0
110 5.0 6.0
110 5.0 13.0
110 5.0 7.0
110 5.0 9.0
110 1.0 6.0
110 15.0 12.0
110 1.0 12.0
110 13.0 15.0
110 4.0 15.0
110 9.0 15.0
111 3.0 4.0
111 2.0 8.0
111 2.0 15.0
111 5.0 4.0
111 5.0 9.0
111 15.0 14.0
111 1.0 13.0
111 13.0 4.0
111 7.0 9.0
111 15.0 12.0
111 7.0 12.0
111 9.0 12.0
111 1.0 10.0
111 1.0 15.0
111 7.0 6.0
111 7.0 13.0
112 3.0 2.0
112 2.0 8.0
112 10.0 14.0
112 10.0 7.0
112 5.0 6.0
112 1.0 6.0
112 6.0 7.0
112 5.0 12.0
112 4.0 12.0
112 11.0 2.0
112 9.0 2.0
112 6.0 8.0
112 6.0 10.0
112 1.0 5.0
112 9.0 15.0
112 9.0 13.0
113 12.0 10.0
113 12.0 6.0
113 2.0 15.0
113 8.0 13.0
113 8.0 7.0
113 11.0 5.0
113 11.0 7.0
113 15.0 9.0
113 1.0 6.0
113 1.0 7.0
113 2.0 12.0
113 9.0 12.0
113 4.0 5.0
113 1.0 15.0
113 7.0 14.0
113 4.0 6.0
114 12.0 14.0
114 12.0 6.0
114 2.0 11.0
114 2.0 5.0
114 2.0 15.0
114 2.0 13.0
114 2.0 9.0
114 1.0 13.0
114 8.0 12.0
114 5.0 12.0
114 10.0 8.0
114 14.0 8.0
114 9.0 8.0
114 1.0 11.0
114 7.0 14.0
114 4.0 14.0
115 3.0 14.0
115 12.0 13.0
115 12.0 9.0
115 2.0 8.0
115 2.0 1.0
115 8.0 15.0
115 8.0 4.0
115 11.0 1.0
115 11.0 7.0
115 5.0 9.0
115 1.0 6.0
115 6.0 4.0
115 4.0 9.0
115 11.0 12.0
115 11.0 8.0
115 6.0 5.0
116 3.0 15.0
116 3.0 13.0
116 3.0 4.0
116 3.0 9.0
116 2.0 10.0
116 2.0 15.0
116 2.0 6.0
116 2.0 9.0
116 11.0 5.0
116 1.0 9.0
116 13.0 9.0
116 4.0 9.0
116 2.0 3.0
116 6.0 12.0
116 6.0 8.0
116 9.0 15.0
117 3.0 6.0
117 2.0 10.0
117 2.0 13.0
117 2.0 7.0
117 11.0 14.0
117 11.0 13.0
117 10.0 7.0
117 5.0 6.0
117 1.0 9.0
117 14.0 4.0
117 14.0 12.0
117 6.0 12.0
117 6.0 8.0
117 4.0 8.0
117 9.0 8.0
117 1.0 10.0
118 3.0 4.0
118 2.0 8.0
118 2.0 4.0
118 5.0 4.0
118 1.0 13.0
118 1.0 7.0
118 14.0 4.0
118 1.0 12.0
118 6.0 12.0
118 11.0 8.0
118 10.0 8.0
118 1.0 8.0
118 14.0 8.0
118 13.0 10.0
118 4.0 15.0
118 4.0 13.0
119 3.0 1.0
119 3.0 9.0
119 12.0 14.0
119 2.0 9.0
119 8.0 15.0
119 8.0 6.0
119 8.0 7.0
119 8.0 9.0
119 10.0 6.0
119 10.0 13.0
119 5.0 13.0
119 13.0 9.0
119 7.0 9.0
119 5.0 10.0
119 4.0 15.0
119 4.0 7.0
120 3.0 7.0
120 12.0 11.0
120 2.0 11.0
120 2.0 15.0
120 2.0 4.0
120 10.0 13.0
120 1.0 6.0
120 1.0 13.0
120 13.0 4.0
120 2.0 12.0
120 6.0 12.0
120 13.0 8.0
120 6.0 11.0
120 6.0 5.0
120 4.0 15.0
120 4.0 14.0
121 3.0 8.0
121 3.0 6.0
121 12.0 11.0
121 2.0 7.0
121 13.0 12.0
121 15.0 2.0
121 15.0 8.0
121 14.0 8.0
121 14.0 11.0
121 7.0 10.0
121 14.0 5.0
121 7.0 15.0
121 7.0 1.0
121 13.0 14.0
121 4.0 6.0
121 7.0 13.0
122 3.0 8.0
122 3.0 5.0
122 3.0 14.0
122 3.0 9.0
122 2.0 4.0
122 8.0 6.0
122 11.0 15.0
122 1.0 13.0
122 14.0 13.0
122 2.0 3.0
122 9.0 8.0
122 6.0 15.0
122 13.0 15.0
122 4.0 14.0
122 9.0 6.0
122 7.0 13.0
123 3.0 11.0
123 2.0 8.0
123 2.0 10.0
123 2.0 14.0
123 8.0 11.0
123 8.0 7.0
123 5.0 14.0
123 15.0 14.0
123 1.0 13.0
123 4.0 9.0
123 4.0 3.0
123 14.0 11.0
123 1.0 10.0
123 6.0 5.0
123 4.0 5.0
123 9.0 15.0
124 3.0 11.0
124 3.0 13.0
124 12.0 15.0
124 8.0 11.0
124 8.0 10.0
124 10.0 15.0
124 5.0 14.0
124 14.0 6.0
124 14.0 13.0
124 5.0 11.0
124 6.0 11.0
124 4.0 11.0
124 9.0 15.0
124 4.0 6.0
124 7.0 13.0
124 9.0 4.0
125 8.0 11.0
125 15.0 9.0
125 2.0 3.0
125 8.0 3.0
125 11.0 3.0
125 5.0 3.0
125 7.0 12.0
125 4.0 12.0
125 1.0 2.0
125 5.0 11.0
125 13.0 11.0
125 4.0 10.0
125 15.0 5.0
125 9.0 13.0
125 4.0 7.0
125 9.0 7.0
126 3.0 6.0
126 3.0 4.0
126 2.0 8.0
126 2.0 10.0
126 11.0 4.0
126 11.0 9.0
126 1.0 14.0
126 1.0 4.0
126 5.0 12.0
126 13.0 12.0
126 9.0 12.0
126 15.0 8.0
126 13.0 10.0
126 14.0 15.0
126 4.0 15.0
126 7.0 14.0
127 3.0 6.0
127 11.0 15.0
127 10.0 13.0
127 5.0 13.0
127 5.0 4.0
127 1.0 6.0
127 1.0 4.0
127 14.0 3.0
127 9.0 3.0
127 15.0 12.0
127 7.0 12.0
127 7.0 8.0
127 9.0 5.0
127 13.0 14.0
127 7.0 6.0
127 7.0 13.0
128 3.0 13.0
128 3.0 7.0
128 12.0 15.0
128 2.0 15.0
128 8.0 10.0
128 8.0 7.0
128 1.0 9.0
128 14.0 7.0
128 6.0 4.0
128 6.0 12.0
128 1.0 8.0
128 15.0 5.0
128 1.0 15.0
128 13.0 15.0
128 7.0 15.0
128 9.0 4.0
129 3.0 12.0
129 12.0 13.0
129 2.0 8.0
129 8.0 11.0
129 8.0 10.0
129 8.0 13.0
129 5.0 15.0
129 1.0 7.0
129 1.0 4.0
129 6.0 13.0
129 6.0 7.0
129 5.0 8.0
129 1.0 8.0
129 4.0 8.0
129 9.0 15.0
129 7.0 14.0
130 3.0 10.0
130 3.0 4.0
130 2.0 15.0
130 8.0 14.0
130 11.0 6.0
130 5.0 4.0
130 1.0 13.0
130 1.0 9.0
130 7.0 12.0
130 6.0 8.0
130 4.0 11.0
130 1.0 5.0
130 9.0 5.0
130 13.0 15.0
130 4.0 15.0
130 9.0 7.0
131 3.0 14.0
131 2.0 1.0
131 2.0 4.0
131 8.0 15.0
131 8.0 9.0
131 11.0 1.0
131 11.0 4.0
131 10.0 5.0
131 10.0 13.0
131 15.0 14.0
131 2.0 3.0
131 1.0 5.0
131 1.0 15.0
131 4.0 15.0
131 4.0 14.0
131 4.0 7.0
132 3.0 10.0
132 12.0 8.0
132 2.0 15.0
132 2.0 4.0
132 11.0 14.0
132 10.0 15.0
132 5.0 15.0
132 5.0 9.0
132 1.0 13.0
132 5.0 12.0
132 14.0 8.0
132 6.0 8.0
132 7.0 8.0
132 14.0 15.0
132 13.0 15.0
132 9.0 4.0
133 3.0 11.0
133 3.0 14.0
133 3.0 6.0
133 3.0 7.0
133 5.0 13.0
133 1.0 6.0
133 1.0 13.0
133 1.0 9.0
133 14.0 7.0
133 6.0 7.0
133 8.0 12.0
133 9.0 12.0
133 14.0 11.0
133 13.0 11.0
133 4.0 11.0
133 13.0 6.0
134 3.0 8.0
134 3.0 13.0
134 2.0 4.0
134 11.0 7.0
134 10.0 6.0
134 5.0 6.0
134 5.0 7.0
134 14.0 6.0
134 14.0 13.0
134 13.0 7.0
134 11.0 12.0
134 9.0 12.0
134 10.0 8.0
134 5.0 11.0
134 1.0 15.0
134 9.0 15.0
135 3.0 5.0
135 3.0 7.0
135 2.0 10.0
135 8.0 13.0
135 8.0 7.0
135 10.0 9.0
135 5.0 7.0
135 1.0 4.0
135 13.0 9.0
135 13.0 3.0
135 7.0 12.0
135 5.0 10.0
135 4.0 10.0
135 13.0 14.0
135 7.0 14.0
135 4.0 7.0
136 3.0 10.0
136 11.0 15.0
136 11.0 6.0
136 5.0 15.0
136 5.0 13.0
136 5.0 4.0
136 5.0 9.0
136 14.0 13.0
136 6.0 4.0
136 7.0 4.0
136 10.0 12.0
136 14.0 12.0
136 10.0 8.0
136 5.0 8.0
136 7.0 15.0
136 9.0 4.0
137 3.0 15.0
137 3.0 7.0
137 2.0 13.0
137 11.0 4.0
137 10.0 5.0
137 14.0 7.0
137 10.0 12.0
137 9.0 12.0
137 5.0 8.0
137 6.0 8.0
137 9.0 11.0
137 4.0 15.0
137 4.0 14.0
137 4.0 6.0
137 9.0 6.0
137 9.0 7.0
138 2.0 10.0
138 5.0 6.0
138 1.0 6.0
138 6.0 7.0
138 2.0 12.0
138 10.0 12.0
138 5.0 12.0
138 14.0 12.0
138 4.0 12.0
138 5.0 8.0
138 1.0 10.0
138 9.0 5.0
138 1.0 15.0
138 13.0 15.0
138 9.0 14.0
138 9.0 4.0
139 3.0 6.0
139 3.0 7.0
139 10.0 5.0
139 10.0 14.0
139 1.0 6.0
139 8.0 12.0
139 11.0 12.0
139 15.0 12.0
139 9.0 12.0
139 7.0 8.0
139 9.0 10.0
139 1.0 5.0
139 6.0 5.0
139 4.0 5.0
139 4.0 6.0
139 9.0 6.0
140 12.0 15.0
140 11.0 15.0
140 10.0 13.0
140 10.0 7.0
140 5.0 6.0
140 1.0 13.0
140 14.0 6.0
140 6.0 7.0
140 1.0 12.0
140 14.0 12.0
140 13.0 12.0
140 7.0 12.0
140 1.0 5.0
140 9.0 5.0
140 9.0 15.0
140 9.0 6.0
141 12.0 6.0
141 2.0 8.0
141 8.0 10.0
141 8.0 15.0
141 11.0 5.0
141 11.0 6.0
141 5.0 13.0
141 15.0 13.0
141 15.0 9.0
141 2.0 3.0
141 5.0 3.0
141 4.0 3.0
141 11.0 12.0
141 6.0 14.0
141 9.0 6.0
141 9.0 4.0
142 12.0 8.0
142 2.0 8.0
142 8.0 10.0
142 8.0 5.0
142 8.0 7.0
142 1.0 3.0
142 4.0 12.0
142 11.0 8.0
142 4.0 8.0
142 7.0 10.0
142 9.0 15.0
142 6.0 14.0
142 7.0 14.0
142 9.0 6.0
142 7.0 13.0
142 9.0 4.0
143 3.0 6.0
143 12.0 13.0
143 10.0 15.0
143 10.0 13.0
143 5.0 15.0
143 2.0 12.0
143 4.0 12.0
143 10.0 2.0
143 11.0 8.0
143 14.0 8.0
143 7.0 11.0
143 9.0 10.0
143 1.0 5.0
143 13.0 15.0
143 7.0 13.0
143 9.0 4.0
144 3.0 8.0
144 3.0 5.0
144 3.0 14.0
144 2.0 13.0
144 8.0 10.0
144 8.0 5.0
144 2.0 12.0
144 11.0 12.0
144 1.0 12.0
144 7.0 12.0
144 9.0 12.0
144 6.0 8.0
144 9.0 10.0
144 1.0 15.0
144 13.0 15.0
144 4.0 7.0
145 3.0 2.0
145 3.0 11.0
145 2.0 14.0
145 2.0 13.0
145 11.0 15.0
145 10.0 14.0
145 10.0 4.0
145 1.0 4.0
145 7.0 4.0
145 4.0 12.0
145 1.0 5.0
145 13.0 15.0
145 9.0 15.0
145 13.0 6.0
145 4.0 6.0
145 9.0 13.0
146 3.0 2.0
146 3.0 5.0
146 2.0 11.0
146 2.0 10.0
146 8.0 13.0
146 11.0 13.0
146 5.0 13.0
146 1.0 6.0
146 1.0 9.0
146 2.0 12.0
146 5.0 12.0
146 1.0 8.0
146 5.0 11.0
146 7.0 11.0
146 6.0 10.0
146 13.0 14.0
147 3.0 12.0
147 2.0 7.0
147 11.0 14.0
147 11.0 9.0
147 10.0 9.0
147 5.0 6.0
147 6.0 13.0
147 6.0 9.0
147 2.0 3.0
147 10.0 12.0
147 11.0 8.0
147 6.0 8.0
147 7.0 10.0
147 1.0 15.0
147 4.0 6.0
147 4.0 13.0
148 3.0 12.0
148 3.0 11.0
148 3.0 5.0
148 3.0 6.0
148 2.0 6.0
148 2.0 4.0
148 8.0 14.0
148 11.0 9.0
148 5.0 7.0
148 4.0 9.0
148 2.0 3.0
148 6.0 10.0
148 7.0 10.0
148 9.0 15.0
148 13.0 6.0
148 4.0 13.0
149 3.0 8.0
149 3.0 10.0
149 3.0 13.0
149 2.0 8.0
149 2.0 15.0
149 8.0 15.0
149 5.0 15.0
149 5.0 13.0
149 6.0 9.0
149 1.0 3.0
149 11.0 12.0
149 7.0 12.0
149 4.0 12.0
149 9.0 12.0
149 1.0 5.0
149 13.0 15.0
150 2.0 15.0
150 2.0 13.0
150 2.0 4.0
150 11.0 5.0
150 10.0 7.0
150 5.0 14.0
150 5.0 13.0
150 5.0 7.0
150 1.0 13.0
150 13.0 7.0
150 2.0 3.0
150 1.0 11.0
150 1.0 10.0
150 14.0 10.0
150 13.0 10.0
150 9.0 6.0
151 3.0 5.0
151 3.0 13.0
151 12.0 4.0
151 8.0 13.0
151 10.0 15.0
151 5.0 7.0
151 13.0 7.0
151 8.0 12.0
151 10.0 2.0
151 14.0 2.0
151 9.0 11.0
151 15.0 5.0
151 9.0 5.0
151 4.0 6.0
151 4.0 13.0
151 9.0 13.0
152 2.0 8.0
152 2.0 11.0
152 2.0 14.0
152 8.0 15.0
152 11.0 15.0
152 11.0 13.0
152 10.0 7.0
152 1.0 9.0
152 14.0 4.0
152 1.0 3.0
152 8.0 12.0
152 1.0 12.0
152 14.0 12.0
152 13.0 12.0
152 1.0 11.0
152 6.0 15.0
153 3.0 14.0
153 12.0 6.0
153 12.0 13.0
153 2.0 13.0
153 11.0 15.0
153 11.0 4.0
153 10.0 13.0
153 5.0 14.0
153 5.0 4.0
153 1.0 9.0
153 9.0 3.0
153 5.0 12.0
153 4.0 12.0
153 10.0 8.0
153 7.0 8.0
153 7.0 13.0
154 3.0 14.0
154 2.0 8.0
154 2.0 13.0
154 11.0 15.0
154 11.0 9.0
154 10.0 9.0
154 1.0 4.0
154 7.0 9.0
154 8.0 12.0
154 10.0 12.0
154 1.0 12.0
154 7.0 2.0
154 1.0 10.0
154 6.0 5.0
154 7.0 14.0
154 4.0 14.0
155 3.0 4.0
155 2.0 8.0
155 11.0 10.0
155 11.0 14.0
155 11.0 7.0
155 10.0 4.0
155 5.0 4.0
155 15.0 7.0
155 15.0 9.0
155 1.0 7.0
155 6.0 7.0
155 13.0 8.0
155 4.0 8.0
155 1.0 5.0
155 13.0 15.0
155 13.0 14.0
156 3.0 10.0
156 11.0 13.0
156 10.0 7.0
156 15.0 7.0
156 6.0 12.0
156 11.0 2.0
156 10.0 2.0
156 14.0 2.0
156 13.0 2.0
156 5.0 8.0
156 15.0 8.0
156 14.0 8.0
156 13.0 8.0
156 1.0 10.0
156 4.0 6.0
156 4.0 7.0
157 3.0 8.0
157 3.0 15.0
157 3.0 6.0
157 2.0 11.0
157 11.0 14.0
157 15.0 14.0
157 1.0 13.0
157 1.0 7.0
157 1.0 9.0
157 4.0 9.0
157 11.0 3.0
157 6.0 12.0
157 10.0 8.0
157 15.0 5.0
157 4.0 5.0
157 13.0 14.0
158 3.0 4.0
158 3.0 9.0
158 2.0 9.0
158 15.0 13.0
158 1.0 7.0
158 2.0 3.0
158 1.0 3.0
158 4.0 12.0
158 6.0 8.0
158 7.0 8.0
158 9.0 8.0
158 1.0 10.0
158 4.0 10.0
158 4.0 15.0
158 7.0 14.0
158 4.0 13.0
159 3.0 13.0
159 12.0 8.0
159 2.0 10.0
159 10.0 15.0
159 5.0 7.0
159 5.0 4.0
159 15.0 4.0
159 1.0 13.0
159 1.0 7.0
159 10.0 12.0
159 15.0 12.0
159 7.0 12.0
159 1.0 8.0
159 15.0 11.0
159 7.0 11.0
159 1.0 15.0
160 3.0 15.0
160 3.0 7.0
160 2.0 5.0
160 2.0 6.0
160 2.0 7.0
160 2.0 4.0
160 10.0 15.0
160 5.0 6.0
160 5.0 13.0
160 1.0 6.0
160 7.0 4.0
160 1.0 12.0
160 9.0 12.0
160 7.0 8.0
160 9.0 11.0
160 5.0 10.0
161 3.0 12.0
161 3.0 5.0
161 2.0 10.0
161 2.0 5.0
161 2.0 1.0
161 2.0 4.0
161 5.0 7.0
161 5.0 4.0
161 1.0 14.0
161 6.0 13.0
161 2.0 3.0
161 15.0 12.0
161 6.0 12.0
161 10.0 11.0
161 6.0 14.0
161 7.0 13.0
162 3.0 5.0
162 12.0 10.0
162 2.0 7.0
162 2.0 4.0
162 2.0 9.0
162 8.0 14.0
162 11.0 10.0
162 5.0 15.0
162 1.0 7.0
162 6.0 4.0
162 2.0 3.0
162 2.0 12.0
162 6.0 10.0
162 7.0 10.0
162 9.0 10.0
162 1.0 5.0
163 2.0 8.0
163 2.0 5.0
163 2.0 13.0
163 8.0 11.0
163 8.0 13.0
163 11.0 6.0
163 5.0 15.0
163 5.0 6.0
163 1.0 3.0
163 11.0 2.0
163 9.0 11.0
163 6.0 15.0
163 4.0 15.0
163 6.0 14.0
163 4.0 14.0
163 9.0 13.0
164 3.0 14.0
164 3.0 4.0
164 12.0 13.0
164 2.0 8.0
164 2.0 5.0
164 1.0 7.0
164 7.0 12.0
164 1.0 2.0
164 11.0 8.0
164 15.0 8.0
164 10.0 11.0
164 5.0 11.0
164 5.0 10.0
164 4.0 15.0
164 9.0 15.0
164 9.0 7.0
165 3.0 12.0
165 3.0 15.0
165 3.0 7.0
165 2.0 6.0
165 2.0 7.0
165 11.0 14.0
165 11.0 6.0
165 10.0 13.0
165 5.0 9.0
165 15.0 14.0
165 1.0 14.0
165 1.0 13.0
165 5.0 3.0
165 1.0 11.0
165 7.0 5.0
165 4.0 6.0
166 3.0 4.0
166 2.0 15.0
166 8.0 15.0
166 10.0 15.0
166 10.0 13.0
166 1.0 14.0
166 1.0 7.0
166 1.0 4.0
166 2.0 3.0
166 2.0 12.0
166 11.0 12.0
166 5.0 12.0
166 13.0 8.0
166 5.0 11.0
166 14.0 10.0
166 7.0 14.0
167 3.0 6.0
167 2.0 8.0
167 2.0 15.0
167 2.0 1.0
167 10.0 9.0
167 5.0 9.0
167 1.0 13.0
167 13.0 4.0
167 11.0 12.0
167 13.0 2.0
167 10.0 8.0
167 6.0 8.0
167 6.0 11.0
167 13.0 10.0
167 1.0 5.0
167 13.0 14.0
168 3.0 9.0
168 12.0 11.0
168 2.0 8.0
168 2.0 14.0
168 2.0 13.0
168 8.0 15.0
168 9.0 12.0
168 4.0 8.0
168 14.0 11.0
168 13.0 11.0
168 4.0 11.0
168 4.0 15.0
168 7.0 6.0
168 9.0 6.0
168 7.0 13.0
168 9.0 13.0
169 3.0 4.0
169 11.0 9.0
169 5.0 14.0
169 15.0 14.0
169 15.0 7.0
169 6.0 9.0
169 7.0 4.0
169 2.0 12.0
169 6.0 12.0
169 6.0 2.0
169 11.0 8.0
169 13.0 11.0
169 13.0 10.0
169 4.0 5.0
169 1.0 15.0
169 9.0 1.0
170 3.0 2.0
170 3.0 15.0
170 3.0 6.0
170 3.0 13.0
170 3.0 9.0
170 10.0 7.0
170 1.0 14.0
170 6.0 7.0
170 13.0 9.0
170 1.0 3.0
170 10.0 12.0
170 1.0 12.0
170 7.0 12.0
170 14.0 5.0
170 6.0 14.0
170 7.0 14.0
171 2.0 7.0
171 8.0 9.0
171 10.0 15.0
171 10.0 14.0
171 5.0 14.0
171 5.0 13.0
171 5.0 7.0
171 1.0 14.0
171 1.0 6.0
171 1.0 13.0
171 1.0 7.0
171 2.0 3.0
171 7.0 12.0
171 1.0 2.0
171 9.0 10.0
171 6.0 15.0
172 12.0 13.0
172 2.0 9.0
172 8.0 10.0
172 8.0 13.0
172 10.0 15.0
172 5.0 15.0
172 5.0 4.0
172 1.0 14.0
172 1.0 3.0
172 14.0 12.0
172 6.0 12.0
172 9.0 8.0
172 14.0 11.0
172 4.0 10.0
172 9.0 13.0
172 9.0 4.0
173 3.0 5.0
173 12.0 15.0
173 2.0 11.0
173 8.0 5.0
173 8.0 14.0
173 8.0 13.0
173 11.0 15.0
173 1.0 4.0
173 2.0 3.0
173 2.0 12.0
173 7.0 8.0
173 13.0 11.0
173 6.0 15.0
173 13.0 15.0
173 4.0 15.0
173 4.0 13.0
174 3.0 10.0
174 3.0 13.0
174 3.0 4.0
174 12.0 14.0
174 11.0 10.0
174 11.0 14.0
174 10.0 7.0
174 10.0 4.0
174 13.0 9.0
174 1.0 2.0
174 15.0 8.0
174 7.0 8.0
174 9.0 8.0
174 5.0 10.0
174 14.0 15.0
174 4.0 15.0
175 3.0 8.0
175 12.0 8.0
175 2.0 10.0
175 2.0 7.0
175 11.0 7.0
175 10.0 7.0
175 1.0 13.0
175 1.0 3.0
175 9.0 3.0
175 10.0 12.0
175 5.0 12.0
175 1.0 8.0
175 4.0 11.0
175 1.0 5.0
175 1.0 15.0
175 4.0 13.0
176 3.0 11.0
176 3.0 7.0
176 3.0 9.0
176 2.0 6.0
176 8.0 14.0
176 8.0 7.0
176 15.0 14.0
176 6.0 7.0
176 13.0 4.0
176 1.0 12.0
176 14.0 12.0
176 1.0 2.0
176 4.0 10.0
176 4.0 15.0
176 9.0 6.0
176 4.0 7.0
177 2.0 8.0
177 2.0 11.0
177 10.0 15.0
177 1.0 4.0
177 1.0 9.0
177 6.0 4.0
177 6.0 12.0
177 6.0 11.0
177 7.0 10.0
177 9.0 10.0
177 1.0 5.0
177 1.0 15.0
177 6.0 14.0
177 7.0 14.0
177 9.0 14.0
177 9.0 6.0
178 3.0 5.0
178 2.0 6.0
178 8.0 11.0
178 11.0 1.0
178 10.0 15.0
178 1.0 13.0
178 10.0 12.0
178 1.0 8.0
178 15.0 5.0
178 7.0 5.0
178 4.0 5.0
178 9.0 5.0
178 14.0 15.0
178 4.0 1.0
178 13.0 6.0
178 7.0 13.0
179 3.0 10.0
179 2.0 11.0
179 2.0 13.0
179 2.0 7.0
179 11.0 7.0
179 11.0 4.0
179 5.0 7.0
179 15.0 13.0
179 15.0 4.0
179 1.0 14.0
179 1.0 13.0
179 1.0 4.0
179 14.0 6.0
179 6.0 7.0
179 7.0 12.0
179 9.0 14.0
180 3.0 9.0
180 12.0 15.0
180 2.0 9.0
180 8.0 6.0
180 8.0 4.0
180 11.0 9.0
180 14.0 9.0
180 2.0 3.0
180 10.0 3.0
180 6.0 3.0
180 13.0 3.0
180 13.0 12.0
180 11.0 8.0
180 4.0 10.0
180 9.0 5.0
180 7.0 14.0
181 3.0 5.0
181 2.0 11.0
181 2.0 4.0
181 8.0 11.0
181 10.0 14.0
181 5.0 7.0
181 1.0 7.0
181 1.0 9.0
181 14.0 13.0
181 1.0 2.0
181 5.0 8.0
181 6.0 8.0
181 5.0 11.0
181 7.0 10.0
181 4.0 15.0
181 9.0 15.0
182 3.0 10.0
182 3.0 14.0
182 2.0 11.0
182 8.0 6.0
182 8.0 7.0
182 5.0 7.0
182 15.0 7.0
182 5.0 8.0
182 10.0 11.0
182 15.0 11.0
182 15.0 10.0
182 4.0 14.0
182 9.0 14.0
182 4.0 13.0
182 4.0 7.0
182 9.0 7.0
183 3.0 7.0
183 2.0 6.0
183 8.0 11.0
183 8.0 14.0
183 5.0 14.0
183 1.0 6.0
183 1.0 13.0
183 6.0 9.0
183 5.0 3.0
183 4.0 3.0
183 5.0 11.0
183 1.0 11.0
183 1.0 5.0
183 9.0 15.0
183 13.0 14.0
183 9.0 14.0
184 3.0 8.0
184 2.0 5.0
184 8.0 10.0
184 11.0 6.0
184 10.0 14.0
184 1.0 3.0
184 6.0 12.0
184 13.0 12.0
184 11.0 8.0
184 5.0 8.0
184 7.0 8.0
184 1.0 11.0
184 13.0 10.0
184 9.0 10.0
184 6.0 5.0
184 4.0 7.0
185 12.0 7.0
185 2.0 5.0
185 2.0 14.0
185 2.0 13.0
185 2.0 4.0
185 1.0 13.0
185 6.0 7.0
185 13.0 4.0
185 15.0 3.0
185 4.0 3.0
185 2.0 12.0
185 14.0 12.0
185 4.0 11.0
185 14.0 15.0
185 6.0 15.0
185 6.0 14.0
186 3.0 12.0
186 3.0 5.0
186 12.0 15.0
186 12.0 14.0
186 2.0 8.0
186 2.0 14.0
186 11.0 13.0
186 5.0 15.0
186 1.0 7.0
186 1.0 9.0
186 6.0 9.0
186 4.0 12.0
186 10.0 11.0
186 4.0 11.0
186 6.0 10.0
186 4.0 14.0
187 8.0 4.0
187 11.0 9.0
187 10.0 6.0
187 1.0 6.0
187 4.0 3.0
187 2.0 12.0
187 14.0 12.0
187 4.0 12.0
187 13.0 8.0
187 1.0 10.0
187 13.0 10.0
187 15.0 5.0
187 1.0 5.0
187 13.0 5.0
187 1.0 15.0
187 6.0 14.0
188 3.0 6.0
188 8.0 6.0
188 8.0 7.0
188 5.0 15.0
188 15.0 7.0
188 1.0 4.0
188 1.0 9.0
188 10.0 3.0
188 15.0 12.0
188 6.0 12.0
188 13.0 12.0
188 1.0 2.0
188 5.0 11.0
188 1.0 15.0
188 4.0 14.0
188 9.0 7.0
189 3.0 6.0
189 3.0 13.0
189 12.0 2.0
189 2.0 1.0
189 2.0 4.0
189 1.0 14.0
189 14.0 13.0
189 7.0 4.0
189 5.0 2.0
189 6.0 8.0
189 5.0 10.0
189 7.0 10.0
189 1.0 15.0
189 14.0 15.0
189 6.0 15.0
189 9.0 4.0
190 3.0 12.0
190 3.0 10.0
190 3.0 6.0
190 2.0 5.0
190 1.0 7.0
190 1.0 4.0
190 5.0 12.0
190 1.0 12.0
190 7.0 12.0
190 9.0 12.0
190 10.0 8.0
190 1.0 11.0
190 1.0 10.0
190 7.0 10.0
190 4.0 14.0
190 4.0 7.0
191 8.0 6.0
191 11.0 15.0
191 11.0 13.0
191 15.0 14.0
191 14.0 9.0
191 2.0 3.0
191 5.0 3.0
191 11.0 12.0
191 5.0 12.0
191 7.0 12.0
191 7.0 2.0
191 4.0 2.0
191 10.0 8.0
191 4.0 11.0
191 4.0 5.0
191 9.0 7.0
192 3.0 14.0
192 2.0 5.0
192 2.0 14.0
192 2.0 4.0
192 8.0 7.0
192 1.0 9.0
192 14.0 6.0
192 14.0 7.0
192 5.0 12.0
192 7.0 12.0
192 4.0 11.0
192 4.0 5.0
192 1.0 15.0
192 9.0 15.0
192 9.0 14.0
192 9.0 6.0
193 3.0 8.0
193 3.0 15.0
193 2.0 8.0
193 2.0 9.0
193 11.0 15.0
193 10.0 14.0
193 5.0 13.0
193 1.0 6.0
193 1.0 13.0
193 1.0 7.0
193 2.0 12.0
193 10.0 12.0
193 9.0 12.0
193 4.0 8.0
193 5.0 10.0
193 9.0 14.0
194 3.0 5.0
194 12.0 11.0
194 12.0 15.0
194 2.0 8.0
194 2.0 9.0
194 5.0 13.0
194 1.0 13.0
194 1.0 9.0
194 13.0 7.0
194 8.0 12.0
194 4.0 12.0
194 1.0 8.0
194 10.0 11.0
194 9.0 11.0
194 7.0 15.0
194 4.0 14.0
195 3.0 12.0
195 3.0 6.0
195 2.0 10.0
195 2.0 4.0
195 8.0 4.0
195 11.0 14.0
195 10.0 14.0
195 10.0 4.0
195 5.0 4.0
195 1.0 4.0
195 14.0 9.0
195 13.0 4.0
195 6.0 11.0
195 13.0 10.0
195 6.0 14.0
195 13.0 14.0
196 3.0 11.0
196 2.0 4.0
196 11.0 4.0
196 10.0 14.0
196 5.0 13.0
196 5.0 7.0
196 1.0 9.0
196 14.0 7.0
196 13.0 4.0
196 15.0 3.0
196 9.0 3.0
196 10.0 8.0
196 9.0 8.0
196 9.0 11.0
196 1.0 10.0
196 9.0 5.0
197 3.0 15.0
197 3.0 4.0
197 15.0 6.0
197 1.0 9.0
197 14.0 6.0
197 12.0 3.0
197 11.0 3.0
197 13.0 3.0
197 11.0 12.0
197 5.0 12.0
197 13.0 12.0
197 14.0 2.0
197 7.0 8.0
197 13.0 11.0
197 4.0 11.0
197 13.0 14.0
198 3.0 8.0
198 3.0 6.0
198 12.0 2.0
198 12.0 14.0
198 12.0 4.0
198 8.0 5.0
198 10.0 9.0
198 1.0 6.0
198 1.0 7.0
198 14.0 4.0
198 6.0 2.0
198 7.0 11.0
198 9.0 11.0
198 9.0 5.0
198 6.0 15.0
198 4.0 15.0
199 3.0 15.0
199 3.0 4.0
199 12.0 15.0
199 2.0 7.0
199 11.0 13.0
199 5.0 7.0
199 4.0 9.0
199 5.0 12.0
199 1.0 12.0
199 7.0 12.0
199 4.0 12.0
199 5.0 11.0
199 9.0 11.0
199 9.0 10.0
199 1.0 5.0
199 7.0 13.0
